demand, junction_1, junction_2, junction_3, junction_4
100, 2.810856774654282, 3.031466048624428, 23.60560493118321, 0.8074937397807392, 7.981865965817136, 60.507898184473845, 12.189160734872628, 3.9307724087945335, 4.359850235621559, 8.5611424893044, 8.707719954771466, 19.89575828064015, 
200, 7.042774380078108, 6.1663268589753555, 25.576279559857237, 1.0052221949593638, 9.294123470877123, 41.29037695652217, 18.749151630912774, 6.175778730390865, 6.919031960195787, 7.730021469132039, 7.815163349457814, 28.292791633312085, 
300, 7.1687147337338315, 8.469519657005126, 25.580198029428484, 1.3630578352961167, 8.898360596394191, 60.51812845173212, 17.871970598699193, 7.625574909187234, 8.64574927424064, 8.587876351895774, 8.919545776597985, 29.45120521944556, 
400, 7.0995329926833834, 8.474630815583827, 23.171132020327708, 2.60977068574537, 10.511005508319668, 72.78608443466503, 27.608816952595067, 8.711807670862118, 9.395777313794646, 8.99213154954208, 8.962637474503227, 30.14601667882543, 
500, 9.812707232157502, 8.48569942879515, 26.23775966129802, 2.6726656935495225, 11.288310986296182, 80.10098219572045, 26.327487713607674, 9.404585196750539, 9.96137596211066, 10.991677412865972, 8.35276199591787, 42.78840181925338, 
600, 10.111644981724336, 10.807158728814569, 34.91014750364183, 3.532148617118897, 12.995231970392664, 104.31783690773635, 32.59069715835202, 11.141348557929213, 10.340370194172753, 11.702243129271203, 10.983982522598232, 49.208346896162844, 
700, 13.339540129321467, 11.988475330775183, 34.698214839803406, 5.746607650613262, 13.109391458365131, 112.25860005398995, 28.002142770832624, 12.864357553551738, 12.809180152351686, 11.782156388586612, 13.187694828105588, 59.240087610993825, 
800, 13.851003247778541, 14.367971545916642, 36.020181285517246, 7.396064007412814, 16.5131765736308, 175.64758996912175, 37.673319948688885, 13.386378445948802, 15.004565127011261, 13.61907451438481, 14.980461206579292, 78.629040068875, 
900, 15.052804911687621, 18.781170419953373, 35.166155131288946, 10.851388115496245, 23.595843449828138, 236.92472686086586, 36.57578619655068, 16.09949012835324, 15.967841940604622, 17.978176794396273, 21.210818917688506, 137.22787487254226, 
1000, 24.23932861261836, 30.370482958588443, 42.72531444496381, 52.685638378730836, 100.30461187459652, 580.1093660822562, 39.208434327274546, 28.491187497033454, 32.88993929135906, 35.385722835440205, 52.568029539342724, 357.12892381273537, 
1100, 46.48262222916259, 62.76860772570365, 21.476983846831335, 79.02354979810532, 155.5725514246481, 867.3149970386386, 19.204454471232754, 46.48458855004116, 54.46975622387594, 64.12021988210607, 119.21816936741666, 233.6112259452643, 
1200, 44.39732678072371, 51.35026146052635, 37.86372042311201, 82.04794233911758, 128.14662132967217, 385.6905877399843, 37.01385165178491, 53.15376952576619, 53.064819479296354, 70.08887391615018, 97.96882970635231, 196.2886234409965, 