Bedrijfsnaam :Schotanus Trafikk                      
Onderzoeker  :Tjerk Schotanus                        
Plaats       :A
Lokatie      :A
Vormgeving   :A
Belasting    :A
Regeling     :A


Groen/rood waarden:
¯¯¯¯¯¯¯¯¯¯¯¯¯¯¯¯¯¯¯
Inputfile:  D:\projects\Deventer\Holterweg\Vissim\A060\holterweg_ochtend.lsa
ochtendspits 2004

Groentijden van 600 tot 7800 seconden


SCJ:40     Green
;;;;;;                                                          0;  10;  20;  30;  40;  50;  60;  70;  80;  90; 100; 110; 120; 130; 140; 150; 160; 170; 180; 190; 200;
Signal group; aan/uit; Minimum; Maximum; Gemiddeld; Stan.dev;  10;  20;  30;  40;  50;  60;  70;  80;  90; 100; 110; 120; 130; 140; 150; 160; 170; 180; 190; 200; INF;
        4001;      46;       4;      41;      13,0;     11,1;  63;  11;  13;  11;   2;   0;   0;   0;   0;   0;   0;   0;   0;   0;   0;   0;   0;   0;   0;   0;   0;
        4002;      72;       4;      14;       7,0;      2,5;  89;  11;   0;   0;   0;   0;   0;   0;   0;   0;   0;   0;   0;   0;   0;   0;   0;   0;   0;   0;   0;
        4004;     122;       4;      61;      13,8;     13,1;  61;  16;   9;   7;   3;   2;   1;   0;   0;   0;   0;   0;   0;   0;   0;   0;   0;   0;   0;   0;   0;
        4005;      80;       4;      71;      50,9;     14,5;   2;   8;   1;   4;  10;  69;   5;   1;   0;   0;   0;   0;   0;   0;   0;   0;   0;   0;   0;   0;   0;
        4006;      82;       4;      24;       9,7;      6,0;  66;  26;   9;   0;   0;   0;   0;   0;   0;   0;   0;   0;   0;   0;   0;   0;   0;   0;   0;   0;   0;
        4008;      68;       4;      19;       6,1;      2,9;  94;   6;   0;   0;   0;   0;   0;   0;   0;   0;   0;   0;   0;   0;   0;   0;   0;   0;   0;   0;   0;
        4009;      11;       4;      15;       8,5;      3,7;  64;  36;   0;   0;   0;   0;   0;   0;   0;   0;   0;   0;   0;   0;   0;   0;   0;   0;   0;   0;   0;
        4010;     114;       4;      83;      34,2;     22,4;  19;  14;  16;  15;  10;  11;   7;   5;   3;   0;   0;   0;   0;   0;   0;   0;   0;   0;   0;   0;   0;
        4011;      73;      11;      47;      25,2;      8,0;   0;  26;  52;  15;   7;   0;   0;   0;   0;   0;   0;   0;   0;   0;   0;   0;   0;   0;   0;   0;   0;
        4012;      53;       4;      11;       5,8;      2,2;  96;   4;   0;   0;   0;   0;   0;   0;   0;   0;   0;   0;   0;   0;   0;   0;   0;   0;   0;   0;   0;
        4022;     138;       5;      89;      18,1;     12,5;  30;  39;  14;  12;   3;   1;   0;   0;   1;   0;   0;   0;   0;   0;   0;   0;   0;   0;   0;   0;   0;
        4028;      45;       5;      32;      13,0;      6,7;  47;  36;  13;   4;   0;   0;   0;   0;   0;   0;   0;   0;   0;   0;   0;   0;   0;   0;   0;   0;   0;
        4031;      46;       4;       8;       5,7;      1,7; 100;   0;   0;   0;   0;   0;   0;   0;   0;   0;   0;   0;   0;   0;   0;   0;   0;   0;   0;   0;   0;
        4032;      46;       4;      10;       6,9;      2,4; 100;   0;   0;   0;   0;   0;   0;   0;   0;   0;   0;   0;   0;   0;   0;   0;   0;   0;   0;   0;   0;
        4037;      33;       7;      13;       9,3;      2,6;  70;  30;   0;   0;   0;   0;   0;   0;   0;   0;   0;   0;   0;   0;   0;   0;   0;   0;   0;   0;   0;
        4038;      33;       4;      16;      10,4;      5,1;  45;  55;   0;   0;   0;   0;   0;   0;   0;   0;   0;   0;   0;   0;   0;   0;   0;   0;   0;   0;   0;
        4044;       1;       5;       5;       5,0;      0,0; 100;   0;   0;   0;   0;   0;   0;   0;   0;   0;   0;   0;   0;   0;   0;   0;   0;   0;   0;   0;   0;
        4081;     138;       6;      91;      17,7;     12,3;  32;  38;  14;  12;   3;   1;   0;   0;   0;   1;   0;   0;   0;   0;   0;   0;   0;   0;   0;   0;   0;
        4087;      45;       6;      32;      13,6;      6,7;  47;  36;  13;   4;   0;   0;   0;   0;   0;   0;   0;   0;   0;   0;   0;   0;   0;   0;   0;   0;   0;


SCJ:50     Green
;;;;;;                                                          0;  10;  20;  30;  40;  50;  60;  70;  80;  90; 100; 110; 120; 130; 140; 150; 160; 170; 180; 190; 200;
Signal group; aan/uit; Minimum; Maximum; Gemiddeld; Stan.dev;  10;  20;  30;  40;  50;  60;  70;  80;  90; 100; 110; 120; 130; 140; 150; 160; 170; 180; 190; 200; INF;
        5002;      76;       4;      11;       7,4;      1,8;  97;   3;   0;   0;   0;   0;   0;   0;   0;   0;   0;   0;   0;   0;   0;   0;   0;   0;   0;   0;   0;
        5003;      48;       4;      11;       4,8;      1,4;  98;   2;   0;   0;   0;   0;   0;   0;   0;   0;   0;   0;   0;   0;   0;   0;   0;   0;   0;   0;   0;
        5004;      46;       4;      67;      28,0;     15,9;  15;  20;  30;  11;  13;   9;   2;   0;   0;   0;   0;   0;   0;   0;   0;   0;   0;   0;   0;   0;   0;
        5005;      72;      20;      64;      51,4;     12,6;   0;   1;   7;  14;  12;  46;  19;   0;   0;   0;   0;   0;   0;   0;   0;   0;   0;   0;   0;   0;   0;
        5006;      73;      10;      59;      42,1;      7,5;   1;   0;   7;  19;  71;   1;   0;   0;   0;   0;   0;   0;   0;   0;   0;   0;   0;   0;   0;   0;   0;
        5007;      72;      27;      76;      52,3;      8,2;   0;   0;   1;   1;  44;  40;  10;   3;   0;   0;   0;   0;   0;   0;   0;   0;   0;   0;   0;   0;   0;
        5008;      73;       4;      22;      10,8;      2,4;  56;  42;   1;   0;   0;   0;   0;   0;   0;   0;   0;   0;   0;   0;   0;   0;   0;   0;   0;   0;   0;
        5010;      92;       4;      40;      15,6;      6,9;  24;  59;  13;   4;   0;   0;   0;   0;   0;   0;   0;   0;   0;   0;   0;   0;   0;   0;   0;   0;   0;
        5011;      71;      16;      22;      20,6;      1,8;   0;  34;  66;   0;   0;   0;   0;   0;   0;   0;   0;   0;   0;   0;   0;   0;   0;   0;   0;   0;   0;
        5012;      43;       4;      33;      12,0;      8,6;  58;  21;  19;   2;   0;   0;   0;   0;   0;   0;   0;   0;   0;   0;   0;   0;   0;   0;   0;   0;   0;
        5022;      92;       5;      88;      26,9;     21,5;  24;  37;  10;   5;   1;   9;  13;   0;   1;   0;   0;   0;   0;   0;   0;   0;   0;   0;   0;   0;   0;
        5024;      57;       5;      16;       6,2;      2,1;  96;   4;   0;   0;   0;   0;   0;   0;   0;   0;   0;   0;   0;   0;   0;   0;   0;   0;   0;   0;   0;
        5031;      34;       4;       8;       6,3;      1,9; 100;   0;   0;   0;   0;   0;   0;   0;   0;   0;   0;   0;   0;   0;   0;   0;   0;   0;   0;   0;   0;
        5032;      34;       4;      10;       6,9;      2,5; 100;   0;   0;   0;   0;   0;   0;   0;   0;   0;   0;   0;   0;   0;   0;   0;   0;   0;   0;   0;   0;
        5033;      36;       7;      20;       7,8;      2,5;  94;   6;   0;   0;   0;   0;   0;   0;   0;   0;   0;   0;   0;   0;   0;   0;   0;   0;   0;   0;   0;
        5034;      36;       4;       7;       4,5;      0,6; 100;   0;   0;   0;   0;   0;   0;   0;   0;   0;   0;   0;   0;   0;   0;   0;   0;   0;   0;   0;   0;
        5081;      92;       6;      88;      27,4;     22,0;  27;  29;  13;   7;   1;   9;  12;   1;   1;   0;   0;   0;   0;   0;   0;   0;   0;   0;   0;   0;   0;
        5083;      57;       5;      17;       7,1;      2,1;  93;   7;   0;   0;   0;   0;   0;   0;   0;   0;   0;   0;   0;   0;   0;   0;   0;   0;   0;   0;   0;


SCJ:60     Green
;;;;;;                                                          0;  10;  20;  30;  40;  50;  60;  70;  80;  90; 100; 110; 120; 130; 140; 150; 160; 170; 180; 190; 200;
Signal group; aan/uit; Minimum; Maximum; Gemiddeld; Stan.dev;  10;  20;  30;  40;  50;  60;  70;  80;  90; 100; 110; 120; 130; 140; 150; 160; 170; 180; 190; 200; INF;
        6001;      72;       8;      59;      38,2;     13,4;   4;   3;  26;   4;  54;   8;   0;   0;   0;   0;   0;   0;   0;   0;   0;   0;   0;   0;   0;   0;   0;
        6002;      72;       4;      18;      11,8;      4,1;  38;  62;   0;   0;   0;   0;   0;   0;   0;   0;   0;   0;   0;   0;   0;   0;   0;   0;   0;   0;   0;
        6004;      22;       4;      22;       8,5;      5,0;  68;  27;   5;   0;   0;   0;   0;   0;   0;   0;   0;   0;   0;   0;   0;   0;   0;   0;   0;   0;   0;
        6005;      72;      17;      40;      24,5;      2,5;   0;   4;  94;   1;   0;   0;   0;   0;   0;   0;   0;   0;   0;   0;   0;   0;   0;   0;   0;   0;   0;
        6006;      72;      13;      26;      19,0;      1,6;   0;  96;   4;   0;   0;   0;   0;   0;   0;   0;   0;   0;   0;   0;   0;   0;   0;   0;   0;   0;   0;
        6007;      69;       5;      24;      17,0;      7,0;  28;  19;  54;   0;   0;   0;   0;   0;   0;   0;   0;   0;   0;   0;   0;   0;   0;   0;   0;   0;   0;
        6008;      59;       4;      19;      14,5;      2,8;  10;  90;   0;   0;   0;   0;   0;   0;   0;   0;   0;   0;   0;   0;   0;   0;   0;   0;   0;   0;   0;
        6009;      71;       8;      17;      13,8;      2,0;  14;  86;   0;   0;   0;   0;   0;   0;   0;   0;   0;   0;   0;   0;   0;   0;   0;   0;   0;   0;   0;
        6010;     130;       9;      48;      25,7;     12,0;   3;  42;   2;  42;  12;   0;   0;   0;   0;   0;   0;   0;   0;   0;   0;   0;   0;   0;   0;   0;   0;
        6011;      72;      26;      43;      31,9;      4,8;   0;   0;  46;  49;   6;   0;   0;   0;   0;   0;   0;   0;   0;   0;   0;   0;   0;   0;   0;   0;   0;
        6022;      73;       5;      38;      22,8;      6,2;   1;  21;  62;  16;   0;   0;   0;   0;   0;   0;   0;   0;   0;   0;   0;   0;   0;   0;   0;   0;   0;
        6024;      71;       5;      20;      14,5;      2,8;   8;  92;   0;   0;   0;   0;   0;   0;   0;   0;   0;   0;   0;   0;   0;   0;   0;   0;   0;   0;   0;
        6031;      87;       4;       9;       6,3;      1,8; 100;   0;   0;   0;   0;   0;   0;   0;   0;   0;   0;   0;   0;   0;   0;   0;   0;   0;   0;   0;   0;
        6032;      87;       4;      10;       6,3;      2,3; 100;   0;   0;   0;   0;   0;   0;   0;   0;   0;   0;   0;   0;   0;   0;   0;   0;   0;   0;   0;   0;
        6033;      55;       7;      14;      10,8;      2,9;  36;  64;   0;   0;   0;   0;   0;   0;   0;   0;   0;   0;   0;   0;   0;   0;   0;   0;   0;   0;   0;
        6034;      54;       4;      15;      10,2;      5,4;  44;  56;   0;   0;   0;   0;   0;   0;   0;   0;   0;   0;   0;   0;   0;   0;   0;   0;   0;   0;   0;
        6081;      73;       6;      41;      23,7;      6,0;   1;  14;  68;  15;   1;   0;   0;   0;   0;   0;   0;   0;   0;   0;   0;   0;   0;   0;   0;   0;   0;
        6083;      71;       5;      20;      14,6;      2,8;   8;  92;   0;   0;   0;   0;   0;   0;   0;   0;   0;   0;   0;   0;   0;   0;   0;   0;   0;   0;   0;


SCJ:55     Green
;;;;;;                                                          0;  10;  20;  30;  40;  50;  60;  70;  80;  90; 100; 110; 120; 130; 140; 150; 160; 170; 180; 190; 200;
Signal group; aan/uit; Minimum; Maximum; Gemiddeld; Stan.dev;  10;  20;  30;  40;  50;  60;  70;  80;  90; 100; 110; 120; 130; 140; 150; 160; 170; 180; 190; 200; INF;
        5505;      71;      35;      93;      75,0;     12,5;   0;   0;   0;   1;   3;  10;  18;  34;  23;  11;   0;   0;   0;   0;   0;   0;   0;   0;   0;   0;   0;
        5511;      71;      31;      94;      76,8;     12,1;   0;   0;   0;   1;   3;   4;  15;  35;  27;  14;   0;   0;   0;   0;   0;   0;   0;   0;   0;   0;   0;
        5523;      72;       6;      49;      15,3;      9,2;  46;  39;   7;   4;   4;   0;   0;   0;   0;   0;   0;   0;   0;   0;   0;   0;   0;   0;   0;   0;   0;
        5524;      84;       5;       7;       5,5;      0,6; 100;   0;   0;   0;   0;   0;   0;   0;   0;   0;   0;   0;   0;   0;   0;   0;   0;   0;   0;   0;   0;
        5534;      39;       4;      11;       6,8;      2,9;  90;  10;   0;   0;   0;   0;   0;   0;   0;   0;   0;   0;   0;   0;   0;   0;   0;   0;   0;   0;   0;
        5583;      84;       5;       7;       6,0;      0,6; 100;   0;   0;   0;   0;   0;   0;   0;   0;   0;   0;   0;   0;   0;   0;   0;   0;   0;   0;   0;   0;
        5584;      72;       8;      49;      15,4;      9,1;  44;  40;   7;   4;   4;   0;   0;   0;   0;   0;   0;   0;   0;   0;   0;   0;   0;   0;   0;   0;   0;


Roodtijden van 600 tot 7800 seconden


SCJ:60     Red
;;;;;;                                                          0;  10;  20;  30;  40;  50;  60;  70;  80;  90; 100; 110; 120; 130; 140; 150; 160; 170; 180; 190; 200;
Signal group; aan/uit; Minimum; Maximum; Gemiddeld; Stan.dev;  10;  20;  30;  40;  50;  60;  70;  80;  90; 100; 110; 120; 130; 140; 150; 160; 170; 180; 190; 200; INF;
        6001;      72;      15;     145;      58,2;     17,1;   0;   1;   1;   1;  51;  10;   4;  28;   0;   1;   0;   0;   0;   0;   1;   0;   0;   0;   0;   0;   0;
        6002;      72;      61;      98;      84,9;      6,0;   0;   0;   0;   0;   0;   0;   3;  21;  58;  18;   0;   0;   0;   0;   0;   0;   0;   0;   0;   0;   0;
        6004;      22;      42;    1390;     324,7;    318,4;   0;   0;   0;   0;  14;   0;   0;   5;  14;   5;   0;   0;   0;   0;   0;   0;   0;   0;   0;   5;  59;
        6005;      72;      57;      80;      72,5;      2,4;   0;   0;   0;   0;   0;   1;   0;  99;   0;   0;   0;   0;   0;   0;   0;   0;   0;   0;   0;   0;   0;
        6006;      72;      72;      84;      77,9;      1,6;   0;   0;   0;   0;   0;   0;   0;  97;   3;   0;   0;   0;   0;   0;   0;   0;   0;   0;   0;   0;   0;
        6007;      69;      34;     183;      84,3;     22,4;   0;   0;   0;   1;   0;   0;   0;  52;  29;  12;   0;   0;   1;   0;   0;   0;   0;   3;   1;   0;   0;
        6008;      60;      79;     184;     102,6;     39,4;   0;   0;   0;   0;   0;   0;   0;  12;  63;   5;   0;   0;   0;   0;   0;   0;   0;   2;  18;   0;   0;
        6009;      71;      76;     183;      84,7;     12,0;   0;   0;   0;   0;   0;   0;   0;   4;  93;   1;   0;   0;   0;   0;   0;   0;   0;   0;   1;   0;   0;
        6010;     131;      10;      71;      26,4;     12,7;   2;  27;  61;   0;   2;   2;   5;   1;   0;   0;   0;   0;   0;   0;   0;   0;   0;   0;   0;   0;   0;
        6011;      72;      48;      71;      64,9;      5,1;   0;   0;   0;   0;   1;  19;  61;  18;   0;   0;   0;   0;   0;   0;   0;   0;   0;   0;   0;   0;   0;
        6022;      73;      35;      84;      73,8;      9,1;   0;   0;   0;   3;   0;  11;   5;  74;   7;   0;   0;   0;   0;   0;   0;   0;   0;   0;   0;   0;   0;
        6024;      72;      75;      99;      83,5;      3,6;   0;   0;   0;   0;   0;   0;   0;  10;  83;   7;   0;   0;   0;   0;   0;   0;   0;   0;   0;   0;   0;
        6031;      87;       2;     397;      74,4;     75,0;  37;   0;   0;   0;   0;   0;   0;  24;  21;   5;   0;   0;   0;   0;   0;   0;   0;   2;   7;   0;   5;
        6032;      87;       2;     396;      74,4;     76,1;  33;   3;   0;   0;   0;   0;   0;  26;   9;  14;   0;   0;   0;   0;   0;   0;   0;   2;   3;   3;   5;
        6033;      55;      70;     389;     119,4;     71,2;   0;   0;   0;   0;   0;   0;   2;   0;  60;  15;   2;   0;   0;   0;   0;   0;   2;   0;  13;   0;   7;
        6034;      55;      77;     396;     120,3;     71,2;   0;   0;   0;   0;   0;   0;   0;   9;  36;  29;   4;   0;   0;   0;   0;   0;   2;   2;   5;   5;   7;
        6081;      73;      34;      83;      72,9;      8,9;   0;   0;   0;   3;   0;   3;  14;  74;   7;   0;   0;   0;   0;   0;   0;   0;   0;   0;   0;   0;   0;
        6083;      72;      75;      99;      83,5;      3,6;   0;   0;   0;   0;   0;   0;   0;  12;  81;   7;   0;   0;   0;   0;   0;   0;   0;   0;   0;   0;   0;


SCJ:50     Red
;;;;;;                                                          0;  10;  20;  30;  40;  50;  60;  70;  80;  90; 100; 110; 120; 130; 140; 150; 160; 170; 180; 190; 200;
Signal group; aan/uit; Minimum; Maximum; Gemiddeld; Stan.dev;  10;  20;  30;  40;  50;  60;  70;  80;  90; 100; 110; 120; 130; 140; 150; 160; 170; 180; 190; 200; INF;
        5002;      77;      23;     122;      83,2;     18,1;   0;   0;   4;   3;   4;   4;   0;   0;  60;  25;   0;   0;   1;   0;   0;   0;   0;   0;   0;   0;   0;
        5003;      48;      55;     527;     142,3;     88,3;   0;   0;   0;   0;   0;   2;   0;   0;   0;  65;   0;   0;   0;   0;   2;   2;   0;   0;   0;  12;  17;
        5004;      46;      24;     589;     129,9;    120,8;   0;   0;   4;   2;   2;  13;  20;  15;  11;   0;   0;   0;   2;   0;   0;   7;   2;   2;   0;   0;  20;
        5005;      72;      33;      77;      45,6;     12,6;   0;   0;   0;  53;  15;  14;  12;   6;   0;   0;   0;   0;   0;   0;   0;   0;   0;   0;   0;   0;   0;
        5006;      73;      10;      74;      53,4;      8,2;   1;   0;   0;   1;  16;  67;   8;   5;   0;   0;   0;   0;   0;   0;   0;   0;   0;   0;   0;   0;   0;
        5007;      72;      23;      61;      44,6;      8,8;   0;   0;   8;  19;  39;  31;   3;   0;   0;   0;   0;   0;   0;   0;   0;   0;   0;   0;   0;   0;   0;
        5008;      73;      18;     187;      84,5;     20,6;   0;   1;   0;   5;   0;   0;   1;   1;  85;   3;   0;   0;   0;   0;   0;   0;   1;   0;   1;   0;   0;
        5010;      91;       9;     181;      60,2;     31,0;   4;  18;   0;   0;   2;  20;  11;  19;  22;   0;   0;   3;   0;   0;   0;   0;   0;   0;   1;   0;   0;
        5011;      71;      75;     175;      77,8;     11,8;   0;   0;   0;   0;   0;   0;   0;  93;   6;   0;   0;   0;   0;   0;   0;   0;   0;   1;   0;   0;   0;
        5012;      43;      13;     364;     152,6;     83,6;   0;   2;   0;   0;   0;   5;   7;   5;   9;  14;   5;   2;   0;   0;   0;   0;   2;  14;   7;   9;  19;
        5022;      91;      10;     137;      49,7;     25,8;   1;   9;   8;  33;  12;   7;   3;   7;  19;   1;   0;   0;   0;   1;   0;   0;   0;   0;   0;   0;   0;
        5024;      57;      28;     384;     117,8;     65,7;   0;   0;   4;   0;   2;   0;   0;   2;  14;  46;  11;   0;   0;   2;   2;   2;   2;   0;   5;   2;   9;
        5031;      34;       2;     824;     220,4;    195,7;   3;   3;   0;   3;   6;   0;   3;   6;   9;  15;   3;   0;   0;   0;   0;   3;   0;   0;   0;   3;  44;
        5032;      34;       4;     819;     219,9;    195,1;   3;   0;   3;   3;   6;   0;   3;   3;  15;  15;   0;   0;   0;   0;   3;   0;   0;   0;   0;   0;  47;
        5033;      36;      15;     683;     187,2;    128,0;   0;   3;   0;   0;   0;   3;   0;   6;  14;  11;   8;   0;   0;   0;   0;   0;   3;   3;  14;   3;  33;
        5034;      36;      82;     595;     190,5;    123,8;   0;   0;   0;   0;   0;   0;   0;   0;   8;  33;   6;   0;   0;   0;   0;   0;   0;   0;   3;  17;  33;
        5081;      91;      12;     138;      49,2;     26,4;   0;   9;  32;  10;  11;   8;   3;   7;  19;   1;   0;   0;   0;   1;   0;   0;   0;   0;   0;   0;   0;
        5083;      57;      27;     383;     117,0;     65,7;   0;   0;   4;   0;   2;   0;   0;   4;  12;  47;   9;   0;   0;   2;   2;   2;   2;   0;   5;   4;   7;


SCJ:40     Red
;;;;;;                                                          0;  10;  20;  30;  40;  50;  60;  70;  80;  90; 100; 110; 120; 130; 140; 150; 160; 170; 180; 190; 200;
Signal group; aan/uit; Minimum; Maximum; Gemiddeld; Stan.dev;  10;  20;  30;  40;  50;  60;  70;  80;  90; 100; 110; 120; 130; 140; 150; 160; 170; 180; 190; 200; INF;
        4001;      46;      24;     593;     140,6;    107,2;   0;   0;   2;   2;   0;   7;  11;   2;  24;  17;   0;   0;   0;   0;   0;   0;   4;   2;   2;   7;  20;
        4002;      71;      28;     192;      91,2;     20,1;   0;   0;   1;   0;   0;   0;   3;  11;  38;  35;   7;   1;   0;   0;   0;   0;   0;   0;   1;   1;   0;
        4004;     121;      11;     136;      42,6;     27,3;   0;  25;  22;   9;   7;  12;   8;   7;   3;   2;   1;   1;   1;   1;   0;   0;   0;   0;   0;   0;   0;
        4005;      80;      10;      64;      36,1;     10,1;   2;   9;   8;  52;  25;   2;   1;   0;   0;   0;   0;   0;   0;   0;   0;   0;   0;   0;   0;   0;   0;
        4006;      82;      11;     283;      75,7;     51,7;   0;   5;  11;  17;   9;   7;   1;  13;   6;   6;   4;   1;   4;   6;   2;   1;   0;   0;   1;   2;   2;
        4008;      69;      10;     289;      96,3;     46,2;   1;   6;   1;   0;   0;   1;   4;  12;  25;  26;   7;   3;   0;   0;   0;   0;   3;   0;   7;   1;   1;
        4009;      11;     182;    1582;     551,5;    425,8;   0;   0;   0;   0;   0;   0;   0;   0;   0;   0;   0;   0;   0;   0;   0;   0;   0;   0;  18;   0;  82;
        4010;     114;      10;      69;      25,8;     13,7;   4;  35;  28;  15;  13;   2;   3;   0;   0;   0;   0;   0;   0;   0;   0;   0;   0;   0;   0;   0;   0;
        4011;      73;      33;      90;      70,4;     10,9;   0;   0;   0;   3;   4;   7;  32;  40;  15;   0;   0;   0;   0;   0;   0;   0;   0;   0;   0;   0;   0;
        4012;      53;      32;     294;     125,2;     64,0;   0;   0;   0;   2;   2;   0;   0;   6;  23;  34;   4;   0;   2;   0;   2;   0;   2;   0;   4;   8;  13;
        4022;     138;      10;     158;      32,0;     23,9;   6;  33;  21;  14;   7;   7;   7;   1;   1;   1;   1;   0;   0;   0;   0;   1;   0;   0;   0;   0;   0;
        4028;      45;      40;     605;     145,1;    109,1;   0;   0;   0;   2;   0;   2;   0;  16;  27;  16;   2;   0;   0;   0;   0;   2;   0;   4;  13;   2;  13;
        4031;      46;       2;     455;     144,5;    124,1;   7;   7;   2;   2;   2;   4;   4;   9;   7;   9;   9;   2;   2;   0;   4;   0;   0;   2;   0;   0;  28;
        4032;      46;       6;     451;     143,5;    123,0;   7;   7;   2;   0;   4;   2;   7;   9;   9;   7;   9;   2;   2;   2;   2;   0;   0;   2;   0;   2;  26;
        4037;      33;       8;     612;     188,5;    146,3;   3;   0;   0;   3;   0;   0;   0;   6;  21;  12;   3;   0;   0;   0;   0;   0;   0;   3;  18;   6;  24;
        4038;      33;       2;     609;     187,6;    148,3;   3;   0;   0;   3;   0;   0;   0;   6;  18;  12;   6;   0;   0;   0;   0;   0;   6;   3;   6;   9;  27;
        4044;       1;     437;     437;     437,0;      0,0;   0;   0;   0;   0;   0;   0;   0;   0;   0;   0;   0;   0;   0;   0;   0;   0;   0;   0;   0;   0; 100;
        4081;     138;      11;     160;      32,5;     23,9;   0;  38;  22;  13;   9;   6;   5;   3;   1;   1;   1;   0;   0;   0;   0;   1;   0;   0;   0;   0;   0;
        4087;      45;      40;     605;     144,5;    109,1;   0;   0;   0;   2;   0;   2;   0;  18;  27;  16;   0;   0;   0;   0;   0;   2;   0;   4;  13;   2;  13;


SCJ:55     Red
;;;;;;                                                          0;  10;  20;  30;  40;  50;  60;  70;  80;  90; 100; 110; 120; 130; 140; 150; 160; 170; 180; 190; 200;
Signal group; aan/uit; Minimum; Maximum; Gemiddeld; Stan.dev;  10;  20;  30;  40;  50;  60;  70;  80;  90; 100; 110; 120; 130; 140; 150; 160; 170; 180; 190; 200; INF;
        5505;      71;      14;      53;      22,0;      9,0;   0;  63;  24;   8;   0;   4;   0;   0;   0;   0;   0;   0;   0;   0;   0;   0;   0;   0;   0;   0;   0;
        5511;      71;      13;      52;      20,2;      9,2;   0;  72;  17;   6;   1;   4;   0;   0;   0;   0;   0;   0;   0;   0;   0;   0;   0;   0;   0;   0;   0;
        5523;      72;       6;      98;      81,3;     14,5;   1;   0;   0;   0;   4;   1;   7;  25;  47;  14;   0;   0;   0;   0;   0;   0;   0;   0;   0;   0;   0;
        5524;      84;       2;     139;      77,0;     31,8;  10;   5;   1;   0;   2;   1;   4;  11;  14;  39;  11;   1;   0;   1;   0;   0;   0;   0;   0;   0;   0;
        5534;      39;      18;     682;     173,3;    153,6;   0;   3;   0;   0;   3;   0;   5;  10;  23;  13;   3;   3;   0;   3;   0;   0;   0;   0;   5;   5;  26;
        5583;      84;       2;     138;      76,5;     31,7;  11;   4;   1;   0;   2;   1;   4;  11;  18;  36;  11;   1;   0;   1;   0;   0;   0;   0;   0;   0;   0;
        5584;      72;       6;      98;      81,2;     14,5;   1;   0;   0;   0;   4;   1;   7;  25;  47;  14;   0;   0;   0;   0;   0;   0;   0;   0;   0;   0;   0;
