Bedrijfsnaam :Schotanus Trafikk                      
Onderzoeker  :Tjerk Schotanus                        
Plaats       :A
Lokatie      :A
Vormgeving   :A
Belasting    :A
Regeling     :A


Verstragingstijden:
¯¯¯¯¯¯¯¯¯¯¯¯¯¯¯¯¯¯¯
Inputfile:  D:\projects\Deventer\Holterweg\Vissim\A060\holterweg_ochtend.vlz
ochtendspits 2004

Delay:

;;                    600;  1500;  2400;  3300;  4200;  5100;  6000;  6900;
      No.:;   VehC;  1500;  2400;  3300;  4200;  5100;  6000;  6900;  7800; Minimum; Maximum; Gemiddeld; Stan.dev;  Aantal;
      4001;    All;  23,7;  43,5;  43,1;  34,1;  28,8;  38,0;  59,1;  35,1;    23,7;    59,1;      38,4;      9,9;      83;
      4002;    All;  45,3;  43,4;  61,5;  60,9;  46,1;  52,1;  72,3;  64,8;    43,4;    72,3;      56,0;      9,6;     210;
      4004;    All;   7,3;   9,1;   8,6;   7,7;   4,7;   8,1;   8,6;   7,2;     4,7;     9,1;       7,7;      1,3;     214;
      4005;    All;   5,4;   2,9;   2,9;   3,6;   2,2;   2,1;   2,0;   2,3;     2,0;     5,4;       2,9;      1,1;    1904;
      4006;    All;  14,5;  17,7;  25,1;  20,4;  13,6;  21,1;  21,2;  23,0;    13,6;    25,1;      19,5;      3,8;     139;
      4008;    All;  36,3;  49,8;  40,6;  37,4;  29,5;  34,3;  44,0;  42,5;    29,5;    49,8;      39,0;      5,9;     143;
      4009;    All;  45,7;   7,4;  22,3;   ***;  68,9;  27,2;  39,8;   ***;     7,4;    68,9;      39,0;     16,5;      14;
      4010;    All;   6,0;   6,4;  11,6;   6,4;   4,6;   7,2;   6,4;   6,1;     4,6;    11,6;       6,7;      1,8;     454;
      4011;    All;  31,3;  34,5;  34,0;  31,6;  33,2;  28,6;  31,1;  34,5;    28,6;    34,5;      32,3;      2,0;    1620;
      4012;    All;  43,0;  45,4;  49,8;  33,0;  31,2;  39,5;  45,1;  58,5;    31,2;    58,5;      43,8;      8,9;     107;
      4022;   Bike;   8,3;   5,5;  19,4;  29,4;  31,8;  28,3;  18,3;  10,3;     5,5;    31,8;      19,7;      9,6;     131;
      4028;   Bike;  46,9;  23,7;  46,9;  19,4;   ***;  40,7;  44,4;  64,1;    19,4;    64,1;      44,8;     12,6;      17;
      4031;Pedestr;   7,8;  10,7;  13,5;  16,8;   9,3;  17,4;  14,5;  10,0;     7,8;    17,4;      11,7;      2,9;      28;
      4032;Pedestr;  23,2;  31,3;  19,4;  13,0;   ***;   2,1;   9,1;   ***;     2,1;    31,3;      15,0;      7,9;      17;
      4037;Pedestr;  16,4;  40,2;  41,6;   ***;   ***;  14,7;  37,9;  32,3;    14,7;    41,6;      32,6;     10,4;      20;
      4038;Pedestr;   7,2;  42,4;  42,7;  33,8;  32,7;  49,6;  53,7;   ***;     7,2;    53,7;      41,7;     11,3;      17;
      4081;   Bike;   6,9;   8,7;   8,9;  11,8;  13,4;   5,7;   8,8;   5,2;     5,2;    13,4;       8,6;      2,4;     207;
      4087;   Bike;   ***;  43,6;  61,5;   ***;  16,2;  29,2;  51,3;  19,4;    16,2;    61,5;      39,7;     15,9;      21;
      5002;    All;  50,8;  44,2;  61,6; 112,8;  78,3;  45,5;  51,3;  60,9;    44,2;   112,8;      66,5;     22,6;     307;
      5003;    All;  44,9;  58,3;  52,2;  45,3;  52,9;  39,9;  40,0;  54,7;    39,9;    58,3;      49,1;      6,6;      79;
      5004;    All;   9,7;   9,6;  10,5;  16,1;  11,1;  12,5;   9,2;   9,7;     9,2;    16,1;      11,3;      2,3;      72;
      5005;    All;   7,3;  13,2;   7,9;  11,5;   8,4;   8,0;  10,6;   9,7;     7,3;    13,2;       9,7;      2,0;    1891;
      5006;    All;   9,7;  11,5;  16,6;  17,6;  12,1;  10,5;  12,6;  10,9;     9,7;    17,6;      12,8;      2,8;    1248;
      5007;    All;  16,5;  15,8;  18,6;  16,9;  21,2;  38,2;  19,9;  19,2;    15,8;    38,2;      21,2;      7,2;     987;
      5008;    All;  57,1;  42,8;  75,1;  48,1;  51,8;  93,4;  76,9;  53,4;    42,8;    93,4;      65,2;     16,7;     351;
      5010;    All;  14,1;   7,0;  20,3;   8,6;  11,0;  16,0;  20,5;   7,5;     7,0;    20,5;      13,7;      5,1;     325;
      5011;    All;  19,5;  14,8;  17,5;  18,6;  28,7;  46,5;  34,1;  18,6;    14,8;    46,5;      25,2;     10,4;    1274;
      5012;    All;  54,7;  68,4;  28,1;  46,1;  30,7;  33,9;  61,5;  42,2;    28,1;    68,4;      46,4;     14,3;      87;
      5022;   Bike;   6,6;   4,3;   8,4;   7,4;   5,8;   4,9;  10,9;  11,6;     4,3;    11,6;       7,5;      2,4;     129;
      5024;   Bike;  54,3;  30,8;  53,5;  16,9;  34,8;  24,3;  41,7;  36,0;    16,9;    54,3;      38,8;     13,4;      45;
      5031;Pedestr;   7,2;  11,5;  44,5;   6,0;  24,0;   9,6;  11,8;   4,0;     4,0;    44,5;      11,1;      9,0;      19;
      5032;Pedestr;  10,5;   5,1;  27,1;  21,1;   1,4;  34,6;   0,7;   ***;     0,7;    34,6;      14,7;     11,6;      19;
      5033;Pedestr;  62,8;  35,9;  21,3;  26,4;  46,1;   ***;  60,6;  33,7;    21,3;    62,8;      39,0;     14,6;      25;
      5034;Pedestr;  21,5;  55,8;  82,6;  60,6;  46,1;  28,6;  67,7;  55,9;    21,5;    82,6;      50,1;     18,0;      29;
      5081;   Bike;  12,9;  13,0;  14,4;  13,5;  10,7;  21,6;  11,4;  11,7;    10,7;    21,6;      13,6;      2,9;     209;
      5083;   Bike;  37,5;  49,1;  54,6;  40,9;  43,3;  54,3;  45,2;  39,5;    37,5;    54,6;      45,8;      6,1;     479;
      5505;    All;   1,4;   4,6;   1,6;   5,3;   1,8;   1,7;   1,8;   3,6;     1,4;     5,3;       2,8;      1,5;    3213;
      5511;    All;   2,2;   2,5;   1,6;   3,6;   1,6;   1,8;   2,7;   2,9;     1,6;     3,6;       2,4;      0,6;    2312;
      5524;   Bike;  32,7;  45,5;  39,6;  24,7;  40,5;  41,8;  34,4;  27,9;    24,7;    45,5;      36,3;      6,9;     197;
      5533;Pedestr;  27,9;  24,3;  91,9;   1,5;  34,9;  54,4;  35,5;  62,1;     1,5;    91,9;      39,1;     20,1;      19;
      5534;Pedestr;  47,0;  27,4;   8,5;  14,3;  47,6;  39,5;  64,2;  43,9;     8,5;    64,2;      37,6;     14,9;      24;
      6001;    All;  17,5;  17,4;  27,6;  16,1;  27,8;  16,4;  15,5;  24,1;    15,5;    27,8;      20,4;      5,0;     407;
      6002;    All;  40,6;  42,6;  49,1;  75,0;  59,9;  55,8;  48,2;  46,6;    40,6;    75,0;      53,4;     11,2;     489;
      6004;    All;  47,0;  28,7;  30,1;  29,3;   6,2;   ***;  40,4;  42,3;     6,2;    47,0;      36,7;     11,5;      25;
      6005;    All;  54,4;  40,1;  42,2;  42,6;  39,7;  40,9;  49,6;  37,4;    37,4;    54,4;      43,6;      5,4;    1766;
      6006;    All;  68,3;  52,8;  48,9;  52,2;  43,3;  51,6;  52,8;  40,7;    40,7;    68,3;      51,7;      7,7;     558;
      6007;    All;  45,6;  49,2;  42,1;  44,6;  41,3;  45,5;  45,5;  36,2;    36,2;    49,2;      43,6;      3,8;     361;
      6008;    All;  52,9;  64,2;  44,8;  46,7;  35,0;  36,7;  40,1;  40,0;    35,0;    64,2;      45,3;      8,6;     182;
      6009;    All;  81,9;  72,0;  63,1;  54,1;  38,4;  64,2;  50,3;  46,5;    38,4;    81,9;      59,3;     13,2;    1055;
      6010;    All;   9,4;  10,1;   6,9;   9,4;   9,9;  10,5;   7,9;  10,1;     6,9;    10,5;       9,3;      1,1;     853;
      6011;    All;  17,7;  17,2;  17,4;  23,8;  18,8;  17,6;  17,2;  17,5;    17,2;    23,8;      18,4;      2,1;    1466;
      6022;   Bike;  26,3;  28,2;  24,8;  20,8;  31,1;  35,5;  31,2;  41,8;    20,8;    41,8;      30,6;      6,4;     185;
      6024;   Bike;  41,9;  38,4;  37,8;  30,3;  28,3;  39,7;  33,4;  37,9;    28,3;    41,9;      36,2;      4,5;     386;
      6031;Pedestr;  33,0;   9,4;  29,8;  32,7;  58,4;  28,6;  32,4;  38,4;     9,4;    58,4;      34,2;      9,5;      52;
      6032;Pedestr;  36,5;  37,4;  38,2;  16,3;  28,1;  27,6;  36,1;  32,4;    16,3;    38,2;      31,3;      6,9;      57;
      6033;Pedestr;  34,5;  38,0;  34,0;  48,6;  48,7;  55,3;  51,8;  40,0;    34,0;    55,3;      43,9;      7,8;      47;
      6034;Pedestr;  60,8;  34,5;  30,4;  54,0;  47,7;  30,3;  33,7;  53,3;    30,3;    60,8;      41,4;     11,4;      54;
      6081;   Bike;  30,2;  20,0;  24,6;  28,5;  24,4;  29,8;  23,6;  28,2;    20,0;    30,2;      26,5;      3,1;     198;
      6083;   Bike;  51,9;  30,8;  35,1;  31,8;  36,8;  34,8;  36,2;  35,2;    30,8;    51,9;      36,2;      5,7;     190;

;          ATD-Totaal; ATD-All; ATD-Bike; ATD-Pedestrian;
Voertuigen;      22,2;    21,2;     30,2;           33,6;
  Personen;      22,1;    21,3;     30,2;           33,6;


Stopdelay:

;;                    600;  1500;  2400;  3300;  4200;  5100;  6000;  6900;
      No.:;   VehC;  1500;  2400;  3300;  4200;  5100;  6000;  6900;  7800; Minimum; Maximum; Gemiddeld; Stan.dev;  Aantal;
      4001;    All;  17,2;  36,6;  36,6;  28,4;  23,5;  31,3;  50,2;  28,3;    17,2;    50,2;      31,7;      9,1;      83;
      4002;    All;  37,8;  36,5;  53,8;  52,5;  38,6;  43,5;  63,9;  56,6;    36,5;    63,9;      48,0;      9,3;     210;
      4004;    All;   2,9;   3,5;   3,9;   3,0;   0,6;   4,1;   3,1;   2,1;     0,6;     4,1;       2,9;      1,0;     214;
      4005;    All;   3,3;   1,1;   1,3;   2,1;   0,9;   1,1;   0,5;   1,0;     0,5;     3,3;       1,4;      0,8;    1904;
      4006;    All;   8,6;   9,8;  19,4;  14,0;   8,4;  15,5;  16,1;  17,0;     8,4;    19,4;      13,5;      3,9;     139;
      4008;    All;  29,5;  42,5;  33,1;  30,7;  21,9;  27,2;  36,1;  35,0;    21,9;    42,5;      31,8;      5,8;     143;
      4009;    All;  38,2;   0,4;  16,4;   ***;  61,4;  19,8;  32,0;   ***;     0,4;    61,4;      31,7;     16,2;      14;
      4010;    All;   3,0;   3,3;   6,9;   2,7;   1,5;   3,0;   2,7;   2,3;     1,5;     6,9;       3,1;      1,4;     454;
      4011;    All;  23,9;  26,7;  26,3;  24,1;  25,9;  21,5;  23,8;  26,2;    21,5;    26,7;      24,8;      1,7;    1620;
      4012;    All;  35,6;  37,9;  43,2;  26,7;  26,0;  31,1;  39,2;  50,3;    26,0;    50,3;      36,7;      8,4;     107;
      4022;   Bike;   6,9;   4,3;  17,5;  27,2;  29,3;  25,6;  16,6;   8,6;     4,3;    29,3;      17,7;      9,2;     131;
      4028;   Bike;  43,9;  21,0;  43,9;  16,2;   ***;  37,8;  41,5;  61,2;    16,2;    61,2;      41,8;     12,6;      17;
      4031;Pedestr;   6,7;   9,4;  12,0;  15,4;   8,1;  16,0;  13,4;   9,0;     6,7;    16,0;      10,5;      2,9;      28;
      4032;Pedestr;  21,8;  30,0;  18,0;  11,6;   ***;   1,1;   7,7;   ***;     1,1;    30,0;      13,7;      7,8;      17;
      4037;Pedestr;  15,0;  38,8;  40,5;   ***;   ***;  13,8;  36,5;  31,3;    13,8;    40,5;      31,4;     10,3;      20;
      4038;Pedestr;   5,8;  40,9;  41,3;  32,4;  31,3;  48,3;  52,2;   ***;     5,8;    52,2;      40,3;     11,3;      17;
      4081;   Bike;   5,4;   6,9;   7,1;   9,5;  11,5;   4,0;   7,0;   3,4;     3,4;    11,5;       6,8;      2,3;     207;
      4087;   Bike;   ***;  40,7;  58,7;   ***;  13,3;  27,2;  48,6;  16,5;    13,3;    58,7;      37,0;     15,8;      21;
      5002;    All;  43,9;  38,0;  52,6;  96,9;  67,1;  38,8;  44,4;  52,3;    38,0;    96,9;      57,1;     19,4;     307;
      5003;    All;  38,6;  52,0;  45,5;  37,1;  46,2;  34,0;  32,5;  48,1;    32,5;    52,0;      42,4;      6,7;      79;
      5004;    All;   3,7;   2,1;   4,8;   5,9;   5,5;   5,8;   0,0;   4,0;     0,0;     5,9;       4,4;      1,5;      72;
      5005;    All;   1,2;   3,5;   1,6;   3,2;   1,7;   1,8;   3,0;   2,7;     1,2;     3,5;       2,4;      0,8;    1891;
      5006;    All;   2,5;   3,6;   7,1;   6,1;   3,8;   2,8;   3,4;   3,0;     2,5;     7,1;       4,1;      1,6;    1248;
      5007;    All;  11,2;   9,9;  11,6;  11,1;  13,1;  25,3;  11,9;  12,7;     9,9;    25,3;      13,7;      4,9;     987;
      5008;    All;  46,4;  34,1;  63,2;  39,9;  42,5;  75,2;  63,1;  43,7;    34,1;    75,2;      53,4;     13,7;     351;
      5010;    All;   8,6;   3,6;  14,5;   5,1;   5,2;   9,0;  14,0;   1,6;     1,6;    14,5;       8,1;      4,5;     325;
      5011;    All;  14,8;  11,3;  13,7;  13,3;  21,7;  37,9;  25,4;  14,1;    11,3;    37,9;      19,4;      8,6;    1274;
      5012;    All;  44,4;  59,1;  22,9;  37,2;  23,0;  26,2;  48,0;  35,7;    22,9;    59,1;      37,9;     12,6;      87;
      5022;   Bike;   4,8;   2,7;   6,5;   5,4;   4,0;   3,2;   8,5;   8,9;     2,7;     8,9;       5,5;      2,1;     129;
      5024;   Bike;  51,7;  28,4;  50,5;  14,0;  31,8;  22,2;  39,0;  33,1;    14,0;    51,7;      36,2;     13,3;      45;
      5031;Pedestr;   5,9;  10,3;  43,2;   5,0;  22,7;   8,3;  10,3;   3,2;     3,2;    43,2;       9,9;      8,9;      19;
      5032;Pedestr;   9,1;   3,8;  25,7;  19,8;   0,0;  33,2;   0,0;   ***;     0,0;    33,2;      13,4;     11,5;      19;
      5033;Pedestr;  61,4;  34,8;  19,9;  25,5;  44,7;   ***;  59,1;  32,4;    19,9;    61,4;      37,7;     14,6;      25;
      5034;Pedestr;  20,4;  54,4;  81,2;  59,2;  44,8;  27,2;  66,5;  54,5;    20,4;    81,2;      48,8;     17,9;      29;
      5081;   Bike;  11,4;  11,3;  12,6;  11,3;   8,6;  19,7;   9,9;  10,2;     8,6;    19,7;      11,9;      2,9;     209;
      5083;   Bike;  34,6;  45,8;  51,6;  37,8;  40,3;  51,2;  42,0;  36,6;    34,6;    51,6;      42,7;      6,0;     479;
      5505;    All;   0,2;   2,4;   0,2;   2,6;   0,3;   0,2;   0,4;   2,0;     0,2;     2,6;       1,1;      1,0;    3213;
      5511;    All;   0,6;   1,2;   0,5;   1,9;   0,6;   0,6;   0,8;   1,4;     0,5;     1,9;       0,9;      0,5;    2312;
      5524;   Bike;  30,3;  42,8;  37,1;  22,5;  37,9;  39,3;  31,9;  25,6;    22,5;    42,8;      33,8;      6,8;     197;
      5533;Pedestr;  26,5;  23,1;  90,6;   0,2;  33,8;  52,9;  34,1;  60,7;     0,2;    90,6;      37,7;     20,1;      19;
      5534;Pedestr;  45,6;  25,9;   7,1;  13,0;  46,2;  38,3;  62,8;  42,7;     7,1;    62,8;      36,2;     15,0;      24;
      6001;    All;  12,9;  12,9;  21,1;  11,8;  21,6;  12,4;  11,8;  19,1;    11,8;    21,6;      15,5;      4,1;     407;
      6002;    All;  32,9;  34,8;  40,8;  64,2;  50,9;  47,6;  40,1;  38,9;    32,9;    64,2;      44,8;     10,2;     489;
      6004;    All;  37,8;  19,8;  17,2;  15,8;   0,0;   ***;  29,1;  34,6;     0,0;    37,8;      27,1;     11,6;      25;
      6005;    All;  42,9;  30,9;  33,3;  32,8;  31,2;  32,5;  39,4;  29,0;    29,0;    42,9;      34,2;      4,5;    1766;
      6006;    All;  54,5;  42,9;  40,5;  41,9;  33,9;  41,7;  43,1;  32,3;    32,3;    54,5;      41,7;      6,3;     558;
      6007;    All;  36,1;  40,0;  34,4;  36,1;  34,7;  37,6;  38,2;  29,3;    29,3;    40,0;      35,7;      3,1;     361;
      6008;    All;  46,2;  54,2;  37,6;  39,6;  29,2;  31,1;  33,8;  32,9;    29,2;    54,2;      38,2;      7,6;     182;
      6009;    All;  71,9;  61,0;  53,0;  44,8;  30,4;  54,3;  42,3;  38,2;    30,4;    71,9;      49,9;     12,3;    1055;
      6010;    All;   2,9;   3,0;   2,6;   3,8;   3,3;   3,7;   2,9;   4,3;     2,6;     4,3;       3,3;      0,5;     853;
      6011;    All;  11,7;  11,2;  12,0;  17,1;  12,9;  12,4;  11,6;  11,0;    11,0;    17,1;      12,5;      1,8;    1466;
      6022;   Bike;  23,8;  25,9;  22,5;  18,9;  29,0;  33,1;  28,9;  39,1;    18,9;    39,1;      28,3;      6,2;     185;
      6024;   Bike;  39,1;  36,1;  35,0;  27,9;  25,8;  36,8;  30,9;  35,6;    25,8;    39,1;      33,6;      4,4;     386;
      6031;Pedestr;  32,0;   8,3;  28,5;  31,6;  57,1;  27,3;  31,0;  36,9;     8,3;    57,1;      32,9;      9,4;      52;
      6032;Pedestr;  35,4;  36,0;  36,9;  15,0;  27,1;  26,4;  34,7;  31,5;    15,0;    36,9;      30,1;      6,8;      57;
      6033;Pedestr;  33,2;  36,6;  32,6;  47,3;  47,2;  53,8;  50,4;  38,6;    32,6;    53,8;      42,5;      7,7;      47;
      6034;Pedestr;  59,5;  33,5;  29,0;  52,7;  46,5;  28,9;  32,6;  52,0;    28,9;    59,5;      40,2;     11,4;      54;
      6081;   Bike;  28,1;  18,2;  22,4;  26,1;  22,3;  27,5;  21,7;  26,0;    18,2;    28,1;      24,3;      3,0;     198;
      6083;   Bike;  49,0;  28,2;  32,6;  29,3;  34,6;  32,1;  33,4;  32,5;    28,2;    49,0;      33,6;      5,6;     190;

;          ATD-Totaal; ATD-All; ATD-Bike; ATD-Pedestrian;
Voertuigen;      16,8;    15,5;     27,8;           32,4;
  Personen;      16,7;    15,6;     27,8;           32,4;


Stops

;;                    600;  1500;  2400;  3300;  4200;  5100;  6000;  6900;
      No.:;   VehC;  1500;  2400;  3300;  4200;  5100;  6000;  6900;  7800; Minimum; Maximum; Gemiddeld; Stan.dev;  Aantal;
      4001;    All;  0,89;  0,93;  0,80;  0,82;  0,73;  1,00;  1,30;  1,00;    0,73;    1,30;      0,93;     0,16;      83;
      4002;    All;  0,95;  0,89;  1,00;  0,97;  1,00;  0,97;  1,00;  0,96;    0,89;    1,00;      0,97;     0,03;     210;
      4004;    All;  0,19;  0,27;  0,35;  0,38;  0,31;  0,34;  0,43;  0,36;    0,19;    0,43;      0,33;     0,06;     214;
      4005;    All;  0,15;  0,10;  0,12;  0,12;  0,09;  0,06;  0,09;  0,08;    0,06;    0,15;      0,10;     0,03;    1904;
      4006;    All;  0,56;  0,80;  0,72;  0,78;  0,52;  0,77;  0,56;  0,71;    0,52;    0,80;      0,67;     0,11;     139;
      4008;    All;  0,74;  1,00;  0,93;  0,84;  0,83;  0,83;  1,00;  0,88;    0,74;    1,00;      0,87;     0,08;     143;
      4009;    All;  1,00;  1,00;  0,50;   ***;  1,00;  0,50;  1,00;   ***;    0,50;    1,00;      0,86;     0,23;      14;
      4010;    All;  0,29;  0,29;  0,54;  0,32;  0,29;  0,32;  0,29;  0,34;    0,29;    0,54;      0,33;     0,07;     454;
      4011;    All;  0,73;  0,82;  0,78;  0,77;  0,75;  0,69;  0,73;  0,82;    0,69;    0,82;      0,76;     0,04;    1620;
      4012;    All;  1,00;  1,00;  0,94;  0,88;  0,73;  0,94;  0,89;  1,06;    0,73;    1,06;      0,94;     0,09;     107;
      4022;   Bike;  0,47;  0,31;  0,81;  0,79;  0,86;  0,94;  0,62;  0,60;    0,31;    0,94;      0,69;     0,20;     131;
      4028;   Bike;  1,00;  1,00;  1,00;  1,00;   ***;  1,00;  1,00;  1,00;    1,00;    1,00;      1,00;     0,00;      17;
      4031;Pedestr;  0,50;  0,75;  1,00;  1,00;  0,80;  1,00;  0,75;  0,67;    0,50;    1,00;      0,79;     0,16;      28;
      4032;Pedestr;  1,00;  1,00;  1,00;  1,00;   ***;  0,50;  0,75;   ***;    0,50;    1,00;      0,88;     0,17;      17;
      4037;Pedestr;  1,00;  1,00;  0,50;   ***;   ***;  0,67;  1,00;  0,67;    0,50;    1,00;      0,80;     0,21;      20;
      4038;Pedestr;  1,00;  1,00;  1,00;  1,00;  1,00;  1,00;  1,00;   ***;    1,00;    1,00;      1,00;     0,00;      17;
      4081;   Bike;  0,48;  0,56;  0,56;  0,76;  0,59;  0,50;  0,52;  0,60;    0,48;    0,76;      0,58;     0,08;     207;
      4087;   Bike;   ***;  1,00;  1,00;   ***;  1,00;  0,75;  0,75;  0,67;    0,67;    1,00;      0,86;     0,14;      21;
      5002;    All;  0,91;  0,90;  1,18;  1,82;  1,42;  0,93;  1,00;  1,16;    0,90;    1,82;      1,21;     0,31;     307;
      5003;    All;  0,92;  1,00;  1,00;  1,17;  1,08;  1,00;  1,00;  1,14;    0,92;    1,17;      1,03;     0,07;      79;
      5004;    All;  0,36;  0,71;  0,56;  0,36;  0,38;  0,73;  0,00;  0,33;    0,00;    0,73;      0,46;     0,18;      72;
      5005;    All;  0,19;  0,40;  0,24;  0,31;  0,23;  0,23;  0,31;  0,31;    0,19;    0,40;      0,28;     0,06;    1891;
      5006;    All;  0,19;  0,25;  0,45;  0,41;  0,30;  0,24;  0,22;  0,24;    0,19;    0,45;      0,29;     0,09;    1248;
      5007;    All;  0,43;  0,48;  0,52;  0,54;  0,65;  0,87;  0,55;  0,56;    0,43;    0,87;      0,58;     0,13;     987;
      5008;    All;  1,09;  1,00;  1,29;  1,00;  1,00;  1,74;  1,34;  1,11;    1,00;    1,74;      1,23;     0,25;     351;
      5010;    All;  0,33;  0,19;  0,33;  0,13;  0,36;  0,38;  0,44;  0,29;    0,13;    0,44;      0,31;     0,09;     325;
      5011;    All;  0,33;  0,19;  0,22;  0,23;  0,37;  0,57;  0,51;  0,27;    0,19;    0,57;      0,34;     0,13;    1274;
      5012;    All;  1,13;  0,93;  0,55;  0,88;  0,70;  0,56;  1,00;  0,69;    0,55;    1,13;      0,80;     0,19;      87;
      5022;   Bike;  0,64;  0,53;  0,68;  0,63;  0,64;  0,53;  0,85;  0,93;    0,53;    0,93;      0,67;     0,13;     129;
      5024;   Bike;  0,89;  0,83;  1,25;  1,00;  1,00;  0,83;  1,00;  1,00;    0,83;    1,25;      0,98;     0,14;      45;
      5031;Pedestr;  1,00;  0,50;  1,00;  0,25;  1,00;  1,00;  1,00;  0,50;    0,25;    1,00;      0,68;     0,31;      19;
      5032;Pedestr;  1,00;  0,83;  1,00;  0,75;  0,50;  1,00;  0,00;   ***;    0,00;    1,00;      0,79;     0,24;      19;
      5033;Pedestr;  1,00;  0,67;  1,00;  0,67;  1,00;   ***;  1,00;  0,86;    0,67;    1,00;      0,88;     0,13;      25;
      5034;Pedestr;  0,67;  1,00;  1,00;  1,00;  1,00;  1,00;  1,00;  1,00;    0,67;    1,00;      0,93;     0,13;      29;
      5081;   Bike;  0,52;  0,63;  0,64;  0,68;  0,61;  0,86;  0,52;  0,59;    0,52;    0,86;      0,63;     0,10;     209;
      5083;   Bike;  1,02;  1,38;  1,15;  1,11;  1,10;  1,30;  1,15;  1,02;    1,02;    1,38;      1,17;     0,13;     479;
      5505;    All;  0,02;  0,08;  0,02;  0,10;  0,02;  0,03;  0,03;  0,06;    0,02;    0,10;      0,05;     0,03;    3213;
      5511;    All;  0,06;  0,10;  0,06;  0,13;  0,07;  0,08;  0,11;  0,12;    0,06;    0,13;      0,09;     0,03;    2312;
      5524;   Bike;  0,95;  0,97;  0,86;  0,74;  0,86;  0,84;  0,86;  0,76;    0,74;    0,97;      0,86;     0,08;     197;
      5533;Pedestr;  1,00;  0,80;  1,00;  1,00;  0,50;  1,00;  1,00;  1,00;    0,50;    1,00;      0,89;     0,16;      19;
      5534;Pedestr;  1,00;  1,00;  1,00;  1,00;  1,00;  0,75;  1,00;  0,75;    0,75;    1,00;      0,92;     0,12;      24;
      6001;    All;  0,46;  0,49;  0,68;  0,40;  0,67;  0,45;  0,44;  0,60;    0,40;    0,68;      0,52;     0,11;     407;
      6002;    All;  0,82;  0,95;  0,93;  1,15;  1,07;  1,00;  0,92;  0,95;    0,82;    1,15;      0,98;     0,10;     489;
      6004;    All;  0,88;  1,33;  1,50;  1,00;  0,50;   ***;  1,50;  1,00;    0,50;    1,50;      1,08;     0,30;      25;
      6005;    All;  1,00;  0,92;  0,91;  0,93;  0,87;  0,87;  1,03;  0,83;    0,83;    1,03;      0,92;     0,06;    1766;
      6006;    All;  1,20;  1,01;  0,97;  1,06;  0,99;  0,95;  1,05;  0,88;    0,88;    1,20;      1,02;     0,09;     558;
      6007;    All;  1,09;  1,13;  0,97;  0,98;  0,84;  0,97;  0,91;  0,78;    0,78;    1,13;      0,95;     0,11;     361;
      6008;    All;  0,95;  1,14;  0,87;  0,92;  0,80;  0,88;  0,86;  0,84;    0,80;    1,14;      0,91;     0,09;     182;
      6009;    All;  1,14;  1,21;  1,09;  1,05;  0,92;  1,12;  0,93;  0,98;    0,92;    1,21;      1,06;     0,10;    1055;
      6010;    All;  0,40;  0,45;  0,30;  0,35;  0,41;  0,44;  0,28;  0,44;    0,28;    0,45;      0,39;     0,06;     853;
      6011;    All;  0,38;  0,44;  0,38;  0,53;  0,42;  0,39;  0,38;  0,42;    0,38;    0,53;      0,42;     0,05;    1466;
      6022;   Bike;  0,79;  0,86;  0,76;  0,64;  0,71;  0,86;  0,85;  0,93;    0,64;    0,93;      0,81;     0,09;     185;
      6024;   Bike;  0,92;  0,89;  1,02;  0,80;  0,89;  1,06;  0,84;  0,80;    0,80;    1,06;      0,91;     0,09;     386;
      6031;Pedestr;  0,63;  0,50;  0,75;  0,75;  1,00;  0,80;  1,00;  1,00;    0,50;    1,00;      0,83;     0,16;      52;
      6032;Pedestr;  0,83;  1,00;  0,86;  0,86;  0,70;  0,71;  1,00;  0,67;    0,67;    1,00;      0,82;     0,12;      57;
      6033;Pedestr;  0,86;  1,00;  1,00;  1,00;  1,00;  1,00;  1,00;  1,00;    0,86;    1,00;      0,98;     0,05;      47;
      6034;Pedestr;  1,00;  0,75;  1,00;  0,89;  0,83;  1,00;  0,83;  1,00;    0,75;    1,00;      0,91;     0,09;      54;
      6081;   Bike;  0,78;  0,63;  0,72;  0,78;  0,78;  0,76;  0,68;  0,67;    0,63;    0,78;      0,73;     0,05;     198;
      6083;   Bike;  1,10;  0,92;  0,88;  0,87;  0,74;  0,90;  0,95;  0,93;    0,74;    1,10;      0,90;     0,09;     190;


#Vehicles:

;;                    600;  1500;  2400;  3300;  4200;  5100;  6000;  6900;
      No.:;   VehC;  1500;  2400;  3300;  4200;  5100;  6000;  6900;  7800; Total; Minimum; Maximum; Gemiddeld; Stan.dev;
      4001;    All;     9;    14;    10;    11;    11;     6;    10;    12;    83;       6;      14;      10,4;      2,2;
      4002;    All;    21;    27;    22;    32;    21;    36;    25;    26;   210;      21;      36;      26,2;      5,0;
      4004;    All;    21;    30;    26;    34;    26;    29;    23;    25;   214;      21;      34;      26,8;      3,9;
      4005;    All;   241;   263;   255;   230;   235;   224;   246;   210;  1904;     210;     263;     238,0;     16,0;
      4006;    All;    16;    15;    18;    23;    21;    13;    16;    17;   139;      13;      23;      17,4;      3,0;
      4008;    All;    19;    18;    14;    25;    18;    18;    14;    17;   143;      14;      25;      17,9;      3,2;
      4009;    All;     4;     1;     2;     0;     2;     2;     3;     0;    14;       0;       4;       1,8;      1,3;
      4010;    All;    55;    56;    46;    59;    52;    60;    62;    64;   454;      46;      64;      56,8;      5,4;
      4011;    All;   203;   184;   200;   180;   220;   212;   206;   215;  1620;     180;     220;     202,5;     13,3;
      4012;    All;    11;     8;    17;    16;    11;    17;     9;    18;   107;       8;      18;      13,4;      3,8;
      4022;   Bike;    15;    16;    16;    24;    14;    18;    13;    15;   131;      13;      24;      16,4;      3,2;
      4028;   Bike;     4;     2;     3;     1;     0;     1;     3;     3;    17;       0;       4;       2,1;      1,3;
      4031;Pedestr;     4;     4;     5;     1;     5;     2;     4;     3;    28;       1;       5;       3,5;      1,3;
      4032;Pedestr;     4;     1;     2;     4;     0;     2;     4;     0;    17;       0;       4;       2,1;      1,6;
      4037;Pedestr;     2;     4;     4;     0;     0;     3;     4;     3;    20;       0;       4;       2,5;      1,6;
      4038;Pedestr;     1;     4;     2;     2;     2;     2;     4;     0;    17;       0;       4;       2,1;      1,3;
      4081;   Bike;    25;    41;    25;    29;    17;    20;    25;    25;   207;      17;      41;      25,9;      6,7;
      4087;   Bike;     0;     4;     4;     0;     2;     4;     4;     3;    21;       0;       4;       2,6;      1,7;
      5002;    All;    33;    29;    45;    49;    43;    30;    34;    44;   307;      29;      49;      38,4;      7,2;
      5003;    All;    12;    13;    11;     6;    12;     9;     9;     7;    79;       6;      13;       9,9;      2,4;
      5004;    All;    14;     7;     9;    11;     8;    11;     3;     9;    72;       3;      14;       9,0;      3,0;
      5005;    All;   228;   268;   251;   245;   225;   226;   236;   212;  1891;     212;     268;     236,4;     16,5;
      5006;    All;   158;   144;   152;   177;   166;   150;   143;   158;  1248;     143;     177;     156,0;     10,7;
      5007;    All;   112;   120;   115;   121;   123;   144;   126;   126;   987;     112;     144;     123,4;      9,1;
      5008;    All;    44;    38;    51;    30;    41;    53;    59;    35;   351;      30;      59;      43,9;      9,2;
      5010;    All;    39;    26;    48;    40;    44;    42;    45;    41;   325;      26;      48;      40,6;      6,2;
      5011;    All;   166;   159;   148;   141;   155;   173;   170;   162;  1274;     141;     173;     159,2;     10,2;
      5012;    All;     8;    14;    11;     8;    10;     9;    11;    16;    87;       8;      16;      10,9;      2,7;
      5022;   Bike;    14;    15;    19;    24;    14;    15;    13;    15;   129;      13;      24;      16,1;      3,4;
      5024;   Bike;     9;     6;     8;     5;     2;     6;     4;     5;    45;       2;       9;       5,6;      2,1;
      5031;Pedestr;     2;     4;     1;     4;     1;     4;     1;     2;    19;       1;       4;       2,4;      1,3;
      5032;Pedestr;     1;     6;     3;     4;     2;     2;     1;     0;    19;       0;       6;       2,4;      1,8;
      5033;Pedestr;     5;     3;     4;     3;     2;     0;     1;     7;    25;       0;       7;       3,1;      2,1;
      5034;Pedestr;     6;     5;     1;     6;     2;     2;     5;     2;    29;       1;       6;       3,6;      1,9;
      5081;   Bike;    29;    40;    28;    25;    18;    22;    25;    22;   209;      18;      40;      26,1;      6,2;
      5083;   Bike;    59;    79;    61;    64;    42;    57;    62;    55;   479;      42;      79;      59,9;      9,6;
      5505;    All;   406;   419;   413;   438;   395;   381;   387;   374;  3213;     374;     438;     401,6;     20,1;
      5511;    All;   289;   293;   268;   267;   286;   320;   310;   279;  2312;     267;     320;     289,0;     17,5;
      5524;   Bike;    21;    30;    29;    27;    22;    25;    22;    21;   197;      21;      30;      24,6;      3,4;
      5533;Pedestr;     2;     5;     1;     1;     2;     2;     3;     3;    19;       1;       5;       2,4;      1,2;
      5534;Pedestr;     2;     4;     2;     2;     4;     4;     2;     4;    24;       2;       4;       3,0;      1,0;
      6001;    All;    50;    53;    59;    58;    51;    53;    41;    42;   407;      41;      59;      50,9;      6,2;
      6002;    All;    57;    59;    59;    79;    67;    57;    51;    60;   489;      51;      79;      61,1;      7,9;
      6004;    All;     8;     3;     4;     1;     2;     0;     2;     5;    25;       0;       8;       3,1;      2,4;
      6005;    All;   242;   214;   217;   234;   221;   207;   229;   202;  1766;     202;     242;     220,8;     12,7;
      6006;    All;    74;    71;    66;    80;    72;    65;    74;    56;   558;      56;      80;      69,8;      6,8;
      6007;    All;    47;    40;    31;    56;    43;    37;    53;    54;   361;      31;      56;      45,1;      8,4;
      6008;    All;    22;    21;    30;    26;    20;    16;    22;    25;   182;      16;      30;      22,8;      4,0;
      6009;    All;   128;   156;   139;   134;   119;   123;   122;   134;  1055;     119;     156;     131,9;     11,2;
      6010;    All;   120;   112;    91;    99;   102;   126;   104;    99;   853;      91;     126;     106,6;     11,0;
      6011;    All;   164;   172;   177;   179;   179;   195;   207;   193;  1466;     164;     207;     183,2;     13,1;
      6022;   Bike;    19;    21;    17;    25;    21;    28;    26;    28;   185;      17;      28;      23,1;      3,9;
      6024;   Bike;    59;    45;    45;    44;    47;    52;    49;    45;   386;      44;      59;      48,2;      4,8;
      6031;Pedestr;     8;     2;     8;     8;     5;     5;     9;     7;    52;       2;       9;       6,5;      2,2;
      6032;Pedestr;     6;     6;     7;     7;    10;     7;     8;     6;    57;       6;      10;       7,1;      1,3;
      6033;Pedestr;     7;     6;     6;     5;    10;     6;     4;     3;    47;       3;      10;       5,9;      2,0;
      6034;Pedestr;     6;     8;     7;     9;     6;    10;     6;     2;    54;       2;      10;       6,8;      2,3;
      6081;   Bike;    18;    19;    25;    45;    23;    25;    22;    21;   198;      18;      45;      24,8;      8,0;
      6083;   Bike;    20;    26;    25;    23;    27;    21;    19;    29;   190;      19;      29;      23,8;      3,3;


Persons:

;;                    600;  1500;  2400;  3300;  4200;  5100;  6000;  6900;
      No.:;   VehC;  1500;  2400;  3300;  4200;  5100;  6000;  6900;  7800; Minimum; Maximum; Gemiddeld; Stan.dev;  Aantal;
      4001;    All;  23,7;  43,5;  43,1;  34,1;  28,8;  38,0;  59,1;  35,1;    23,7;    59,1;      38,4;      9,9;      83;
      4002;    All;  60,3;  67,3;  78,1;  74,3;  37,0;  78,1;  86,2;  82,8;    37,0;    86,2;      71,6;     14,8;     834;
      4004;    All;   7,3;   9,1;   8,6;   7,7;   4,7;   8,1;   8,6;   7,2;     4,7;     9,1;       7,7;      1,3;     214;
      4005;    All;   5,4;   2,9;   2,9;   3,6;   2,2;   2,1;   2,0;   2,3;     2,0;     5,4;       2,9;      1,1;    1904;
      4006;    All;  14,5;  17,7;  25,1;  20,4;  13,6;  21,1;  21,2;  23,0;    13,6;    25,1;      19,5;      3,8;     139;
      4008;    All;  36,3;  49,8;  40,6;  37,4;  29,5;  34,3;  44,0;  42,5;    29,5;    49,8;      39,0;      5,9;     143;
      4009;    All;  45,7;   7,4;  22,3;   ***;  68,9;  27,2;  39,8;   ***;     7,4;    68,9;      39,0;     16,5;      14;
      4010;    All;   6,0;   6,4;  11,6;   6,4;   4,6;   7,2;   6,4;   6,1;     4,6;    11,6;       6,7;      1,8;     454;
      4011;    All;  31,3;  32,9;  34,0;  31,4;  33,2;  30,4;  31,1;  34,3;    30,4;    34,3;      32,3;      1,4;    1776;
      4012;    All;  43,0;  45,4;  49,8;  33,0;  31,2;  39,5;  45,1;  58,5;    31,2;    58,5;      43,8;      8,9;     107;
      4022;   Bike;   8,3;   5,5;  19,4;  29,4;  31,8;  28,3;  18,3;  10,3;     5,5;    31,8;      19,7;      9,6;     131;
      4028;   Bike;  46,9;  23,7;  46,9;  19,4;   ***;  40,7;  44,4;  64,1;    19,4;    64,1;      44,8;     12,6;      17;
      4031;Pedestr;   7,8;  10,7;  13,5;  16,8;   9,3;  17,4;  14,5;  10,0;     7,8;    17,4;      11,7;      2,9;      28;
      4032;Pedestr;  23,2;  31,3;  19,4;  13,0;   ***;   2,1;   9,1;   ***;     2,1;    31,3;      15,0;      7,9;      17;
      4037;Pedestr;  16,4;  40,2;  41,6;   ***;   ***;  14,7;  37,9;  32,3;    14,7;    41,6;      32,6;     10,4;      20;
      4038;Pedestr;   7,2;  42,4;  42,7;  33,8;  32,7;  49,6;  53,7;   ***;     7,2;    53,7;      41,7;     11,3;      17;
      4081;   Bike;   6,9;   8,7;   8,9;  11,8;  13,4;   5,7;   8,8;   5,2;     5,2;    13,4;       8,6;      2,4;     207;
      4087;   Bike;   ***;  43,6;  61,5;   ***;  16,2;  29,2;  51,3;  19,4;    16,2;    61,5;      39,7;     15,9;      21;
      5002;    All;  50,8;  44,2;  61,6; 112,8;  78,3;  45,5;  51,3;  60,9;    44,2;   112,8;      66,5;     22,6;     307;
      5003;    All;  44,9;  58,3;  52,2;  45,3;  52,9;  39,9;  40,0;  54,7;    39,9;    58,3;      49,1;      6,6;      79;
      5004;    All;   9,7;   9,6;  10,5;  16,1;  11,1;  12,5;   9,2;   9,7;     9,2;    16,1;      11,3;      2,3;      72;
      5005;    All;   5,9;  12,6;   6,2;   9,6;   9,7;   5,7;   9,1;  10,3;     5,7;    12,6;       8,7;      2,4;    2788;
      5006;    All;   9,7;  11,5;  16,6;  17,6;  12,1;  10,5;  12,6;  10,9;     9,7;    17,6;      12,8;      2,8;    1248;
      5007;    All;  16,5;  15,8;  18,6;  16,9;  21,2;  38,2;  19,9;  19,2;    15,8;    38,2;      21,2;      7,2;     987;
      5008;    All;  57,1;  42,8;  75,1;  48,1;  51,8;  93,4;  76,9;  53,4;    42,8;    93,4;      65,2;     16,7;     351;
      5010;    All;  14,1;   7,0;  20,3;   8,6;  11,0;  16,0;  20,5;   7,5;     7,0;    20,5;      13,7;      5,1;     325;
      5011;    All;  25,4;  25,1;  32,4;  42,6;  37,5;  43,6;  42,8;  32,3;    25,1;    43,6;      35,4;      7,1;    2054;
      5012;    All;  54,7;  68,4;  28,1;  46,1;  30,7;  33,9;  61,5;  42,2;    28,1;    68,4;      46,4;     14,3;      87;
      5022;   Bike;   6,6;   4,3;   8,4;   7,4;   5,8;   4,9;  10,9;  11,6;     4,3;    11,6;       7,5;      2,4;     129;
      5024;   Bike;  54,3;  30,8;  53,5;  16,9;  34,8;  24,3;  41,7;  36,0;    16,9;    54,3;      38,8;     13,4;      45;
      5031;Pedestr;   7,2;  11,5;  44,5;   6,0;  24,0;   9,6;  11,8;   4,0;     4,0;    44,5;      11,1;      9,0;      19;
      5032;Pedestr;  10,5;   5,1;  27,1;  21,1;   1,4;  34,6;   0,7;   ***;     0,7;    34,6;      14,7;     11,6;      19;
      5033;Pedestr;  62,8;  35,9;  21,3;  26,4;  46,1;   ***;  60,6;  33,7;    21,3;    62,8;      39,0;     14,6;      25;
      5034;Pedestr;  21,5;  55,8;  82,6;  60,6;  46,1;  28,6;  67,7;  55,9;    21,5;    82,6;      50,1;     18,0;      29;
      5081;   Bike;  12,9;  13,0;  14,4;  13,5;  10,7;  21,6;  11,4;  11,7;    10,7;    21,6;      13,6;      2,9;     209;
      5083;   Bike;  37,5;  49,1;  54,6;  40,9;  43,3;  54,3;  45,2;  39,5;    37,5;    54,6;      45,8;      6,1;     479;
      5505;    All;   1,2;   6,9;   1,4;   6,3;   1,7;   1,5;   1,5;   5,6;     1,2;     6,9;       3,3;      2,4;    4071;
      5511;    All;   2,2;   2,5;   1,6;   3,6;   1,6;   1,8;   2,7;   2,9;     1,6;     3,6;       2,4;      0,6;    2312;
      5524;   Bike;  32,7;  45,5;  39,6;  24,7;  40,5;  41,8;  34,4;  27,9;    24,7;    45,5;      36,3;      6,9;     197;
      5533;Pedestr;  27,9;  24,3;  91,9;   1,5;  34,9;  54,4;  35,5;  62,1;     1,5;    91,9;      39,1;     20,1;      19;
      5534;Pedestr;  47,0;  27,4;   8,5;  14,3;  47,6;  39,5;  64,2;  43,9;     8,5;    64,2;      37,6;     14,9;      24;
      6001;    All;  10,9;   8,2;  15,3;  28,5;  16,8;  15,7;   6,7;  12,5;     6,7;    28,5;      14,4;      6,5;    1031;
      6002;    All;  40,6;  42,6;  49,1;  75,0;  59,9;  55,8;  48,2;  46,6;    40,6;    75,0;      53,4;     11,2;     489;
      6004;    All;  47,0;  28,7;  30,1;  29,3;   6,2;   ***;  40,4;  42,3;     6,2;    47,0;      36,7;     11,5;      25;
      6005;    All;  54,5;  40,1;  40,1;  42,6;  39,0;  40,9;  47,5;  37,4;    37,4;    54,5;      43,2;      5,5;    1922;
      6006;    All;  68,3;  52,8;  48,9;  52,2;  43,3;  51,6;  52,8;  40,7;    40,7;    68,3;      51,7;      7,7;     558;
      6007;    All;  45,6;  49,2;  42,1;  44,6;  41,3;  45,5;  45,5;  36,2;    36,2;    49,2;      43,6;      3,8;     361;
      6008;    All;  52,9;  64,2;  44,8;  46,7;  35,0;  36,7;  40,1;  40,0;    35,0;    64,2;      45,3;      8,6;     182;
      6009;    All;  81,9;  72,0;  63,1;  59,4;  38,4;  64,2;  50,3;  53,1;    38,4;    81,9;      60,5;     12,0;    1133;
      6010;    All;   9,4;  10,1;   6,9;   9,4;   9,9;  10,5;   7,9;  10,1;     6,9;    10,5;       9,3;      1,1;     853;
      6011;    All;  12,5;  12,3;  12,6;  16,3;  14,9;  11,5;  14,5;  19,3;    11,5;    19,3;      14,4;      2,6;    2246;
      6022;   Bike;  26,3;  28,2;  24,8;  20,8;  31,1;  35,5;  31,2;  41,8;    20,8;    41,8;      30,6;      6,4;     185;
      6024;   Bike;  41,9;  38,4;  37,8;  30,3;  28,3;  39,7;  33,4;  37,9;    28,3;    41,9;      36,2;      4,5;     386;
      6031;Pedestr;  33,0;   9,4;  29,8;  32,7;  58,4;  28,6;  32,4;  38,4;     9,4;    58,4;      34,2;      9,5;      52;
      6032;Pedestr;  36,5;  37,4;  38,2;  16,3;  28,1;  27,6;  36,1;  32,4;    16,3;    38,2;      31,3;      6,9;      57;
      6033;Pedestr;  34,5;  38,0;  34,0;  48,6;  48,7;  55,3;  51,8;  40,0;    34,0;    55,3;      43,9;      7,8;      47;
      6034;Pedestr;  60,8;  34,5;  30,4;  54,0;  47,7;  30,3;  33,7;  53,3;    30,3;    60,8;      41,4;     11,4;      54;
      6081;   Bike;  30,2;  20,0;  24,6;  28,5;  24,4;  29,8;  23,6;  28,2;    20,0;    30,2;      26,5;      3,1;     198;
      6083;   Bike;  51,9;  30,8;  35,1;  31,8;  36,8;  34,8;  36,2;  35,2;    30,8;    51,9;      36,2;      5,7;     190;


#Persons:

;;                    600;  1500;  2400;  3300;  4200;  5100;  6000;  6900;
      No.:;   VehC;  1500;  2400;  3300;  4200;  5100;  6000;  6900;  7800; Total; Minimum; Maximum; Gemiddeld; Stan.dev;
      4001;    All;     9;    14;    10;    11;    11;     6;    10;    12;    83;       6;      14;      10,4;      2,2;
      4002;    All;    99;    66;   100;   110;    99;   114;   103;   143;   834;      66;     143;     104,2;     19,9;
      4004;    All;    21;    30;    26;    34;    26;    29;    23;    25;   214;      21;      34;      26,8;      3,9;
      4005;    All;   241;   263;   255;   230;   235;   224;   246;   210;  1904;     210;     263;     238,0;     16,0;
      4006;    All;    16;    15;    18;    23;    21;    13;    16;    17;   139;      13;      23;      17,4;      3,0;
      4008;    All;    19;    18;    14;    25;    18;    18;    14;    17;   143;      14;      25;      17,9;      3,2;
      4009;    All;     4;     1;     2;     0;     2;     2;     3;     0;    14;       0;       4;       1,8;      1,3;
      4010;    All;    55;    56;    46;    59;    52;    60;    62;    64;   454;      46;      64;      56,8;      5,4;
      4011;    All;   203;   223;   200;   219;   220;   251;   206;   254;  1776;     200;     254;     222,0;     19,3;
      4012;    All;    11;     8;    17;    16;    11;    17;     9;    18;   107;       8;      18;      13,4;      3,8;
      4022;   Bike;    15;    16;    16;    24;    14;    18;    13;    15;   131;      13;      24;      16,4;      3,2;
      4028;   Bike;     4;     2;     3;     1;     0;     1;     3;     3;    17;       0;       4;       2,1;      1,3;
      4031;Pedestr;     4;     4;     5;     1;     5;     2;     4;     3;    28;       1;       5;       3,5;      1,3;
      4032;Pedestr;     4;     1;     2;     4;     0;     2;     4;     0;    17;       0;       4;       2,1;      1,6;
      4037;Pedestr;     2;     4;     4;     0;     0;     3;     4;     3;    20;       0;       4;       2,5;      1,6;
      4038;Pedestr;     1;     4;     2;     2;     2;     2;     4;     0;    17;       0;       4;       2,1;      1,3;
      4081;   Bike;    25;    41;    25;    29;    17;    20;    25;    25;   207;      17;      41;      25,9;      6,7;
      4087;   Bike;     0;     4;     4;     0;     2;     4;     4;     3;    21;       0;       4;       2,6;      1,7;
      5002;    All;    33;    29;    45;    49;    43;    30;    34;    44;   307;      29;      49;      38,4;      7,2;
      5003;    All;    12;    13;    11;     6;    12;     9;     9;     7;    79;       6;      13;       9,9;      2,4;
      5004;    All;    14;     7;     9;    11;     8;    11;     3;     9;    72;       3;      14;       9,0;      3,0;
      5005;    All;   345;   385;   368;   323;   342;   343;   353;   329;  2788;     323;     385;     348,5;     18,9;
      5006;    All;   158;   144;   152;   177;   166;   150;   143;   158;  1248;     143;     177;     156,0;     10,7;
      5007;    All;   112;   120;   115;   121;   123;   144;   126;   126;   987;     112;     144;     123,4;      9,1;
      5008;    All;    44;    38;    51;    30;    41;    53;    59;    35;   351;      30;      59;      43,9;      9,2;
      5010;    All;    39;    26;    48;    40;    44;    42;    45;    41;   325;      26;      48;      40,6;      6,2;
      5011;    All;   205;   276;   226;   258;   233;   290;   248;   318;  2054;     205;     318;     256,8;     34,4;
      5012;    All;     8;    14;    11;     8;    10;     9;    11;    16;    87;       8;      16;      10,9;      2,7;
      5022;   Bike;    14;    15;    19;    24;    14;    15;    13;    15;   129;      13;      24;      16,1;      3,4;
      5024;   Bike;     9;     6;     8;     5;     2;     6;     4;     5;    45;       2;       9;       5,6;      2,1;
      5031;Pedestr;     2;     4;     1;     4;     1;     4;     1;     2;    19;       1;       4;       2,4;      1,3;
      5032;Pedestr;     1;     6;     3;     4;     2;     2;     1;     0;    19;       0;       6;       2,4;      1,8;
      5033;Pedestr;     5;     3;     4;     3;     2;     0;     1;     7;    25;       0;       7;       3,1;      2,1;
      5034;Pedestr;     6;     5;     1;     6;     2;     2;     5;     2;    29;       1;       6;       3,6;      1,9;
      5081;   Bike;    29;    40;    28;    25;    18;    22;    25;    22;   209;      18;      40;      26,1;      6,2;
      5083;   Bike;    59;    79;    61;    64;    42;    57;    62;    55;   479;      42;      79;      59,9;      9,6;
      5505;    All;   484;   536;   530;   555;   473;   498;   504;   491;  4071;     473;     555;     508,9;     26,6;
      5511;    All;   289;   293;   268;   267;   286;   320;   310;   279;  2312;     267;     320;     289,0;     17,5;
      5524;   Bike;    21;    30;    29;    27;    22;    25;    22;    21;   197;      21;      30;      24,6;      3,4;
      5533;Pedestr;     2;     5;     1;     1;     2;     2;     3;     3;    19;       1;       5;       2,4;      1,2;
      5534;Pedestr;     2;     4;     2;     2;     4;     4;     2;     4;    24;       2;       4;       3,0;      1,0;
      6001;    All;    89;   170;   137;   136;    90;   170;   119;   120;  1031;      89;     170;     128,9;     29,1;
      6002;    All;    57;    59;    59;    79;    67;    57;    51;    60;   489;      51;      79;      61,1;      7,9;
      6004;    All;     8;     3;     4;     1;     2;     0;     2;     5;    25;       0;       8;       3,1;      2,4;
      6005;    All;   281;   214;   256;   234;   260;   207;   268;   202;  1922;     202;     281;     240,2;     28,2;
      6006;    All;    74;    71;    66;    80;    72;    65;    74;    56;   558;      56;      80;      69,8;      6,8;
      6007;    All;    47;    40;    31;    56;    43;    37;    53;    54;   361;      31;      56;      45,1;      8,4;
      6008;    All;    22;    21;    30;    26;    20;    16;    22;    25;   182;      16;      30;      22,8;      4,0;
      6009;    All;   128;   156;   139;   173;   119;   123;   122;   173;  1133;     119;     173;     141,6;     21,2;
      6010;    All;   120;   112;    91;    99;   102;   126;   104;    99;   853;      91;     126;     106,6;     11,0;
      6011;    All;   242;   289;   255;   296;   257;   312;   246;   349;  2246;     242;     349;     280,8;     35,1;
      6022;   Bike;    19;    21;    17;    25;    21;    28;    26;    28;   185;      17;      28;      23,1;      3,9;
      6024;   Bike;    59;    45;    45;    44;    47;    52;    49;    45;   386;      44;      59;      48,2;      4,8;
      6031;Pedestr;     8;     2;     8;     8;     5;     5;     9;     7;    52;       2;       9;       6,5;      2,2;
      6032;Pedestr;     6;     6;     7;     7;    10;     7;     8;     6;    57;       6;      10;       7,1;      1,3;
      6033;Pedestr;     7;     6;     6;     5;    10;     6;     4;     3;    47;       3;      10;       5,9;      2,0;
      6034;Pedestr;     6;     8;     7;     9;     6;    10;     6;     2;    54;       2;      10;       6,8;      2,3;
      6081;   Bike;    18;    19;    25;    45;    23;    25;    22;    21;   198;      18;      45;      24,8;      8,0;
      6083;   Bike;    20;    26;    25;    23;    27;    21;    19;    29;   190;      19;      29;      23,8;      3,3;


Wachtrijen:
¯¯¯¯¯¯¯¯¯¯¯¯
Inputfile:  D:\projects\Deventer\Holterweg\Vissim\A060\holterweg_ochtend.stz
ochtendspits 2004

Avg.:

      No.:;  1500;  2400;  3300;  4200;  5100;  6000;  6900;  7800; Minimum; Maximum; Gemiddeld; Stan.dev;
      4001;     2;     5;     3;     3;     3;     2;     4;     3;       2;       5;       3,1;      0,9;
      4002;    10;     8;    14;    15;     9;    15;    16;    15;       8;      16;      12,8;      3,0;
      4004;     1;     2;     1;     1;     0;     1;     1;     1;       0;       2;       1,0;      0,5;
      4005;     5;     2;     2;     3;     2;     2;     1;     2;       1;       5;       2,4;      1,1;
      4006;     2;     2;     3;     3;     2;     2;     2;     3;       2;       3;       2,4;      0,5;
      4008;     5;     6;     5;     6;     4;     5;     4;     6;       4;       6;       5,1;      0,8;
      4009;     1;     0;     0;     0;     1;     1;     1;     0;       0;       1;       0,5;      0,5;
      4010;     2;     2;     3;     2;     1;     2;     2;     2;       1;       3;       2,0;      0,5;
      4011;    26;    26;    27;    23;    29;    25;    26;    30;      23;      30;      26,5;      2,1;
      4012;     4;     3;     6;     4;     2;     5;     3;     8;       2;       8;       4,4;      1,8;
      5002;    12;    10;    21;    46;    22;     9;    13;    19;       9;      46;      19,0;     11,2;
      5003;     4;     5;     4;     1;     4;     2;     2;     3;       1;       5;       3,1;      1,3;
      5004;     1;     0;     1;     1;     0;     1;     0;     0;       0;       1;       0,5;      0,5;
      5005;     3;    14;     4;     7;     4;     4;     7;     6;       3;      14;       6,1;      3,3;
      5006;     6;     7;    17;    14;     8;     6;     8;     7;       6;      17;       9,1;      3,8;
      5007;    14;    13;     8;    14;    21;    20;     9;    20;       8;      21;      14,9;      4,7;
      5008;    22;    13;    37;    11;    21;    84;    40;    20;      11;      84;      31,0;     22,2;
      5010;     3;     1;     6;     2;     2;     4;     5;     1;       1;       6;       3,0;      1,7;
      5011;    14;    10;    11;    11;    17;    35;    22;    13;      10;      35;      16,6;      7,9;
      5012;     4;     7;     2;     3;     2;     2;     5;     6;       2;       7;       3,9;      1,8;
      5505;     1;     6;     1;     6;     1;     1;     1;     4;       1;       6;       2,6;      2,2;
      5511;     2;     2;     1;     3;     1;     2;     2;     3;       1;       3;       2,0;      0,7;
      6001;     6;     7;    11;     7;    10;     5;     4;     8;       4;      11;       7,2;      2,2;
      6002;    19;    18;    20;    54;    27;    22;    20;    18;      18;      54;      24,8;     11,4;
      6004;     1;     0;     0;     0;     0;     0;     0;     1;       0;       1;       0,2;      0,4;
      6005;   102;    38;    40;    43;    35;    37;    50;    31;      31;     102;      47,0;     21,4;
      6006;    52;    28;    23;    31;    23;    30;    27;    16;      16;      52;      28,8;      9,9;
      6007;    17;    12;     9;    18;    12;    12;    17;    14;       9;      18;      13,9;      3,0;
      6008;     8;     9;    10;     8;     5;     4;     6;     8;       4;      10;       7,2;      1,9;
      6009;    50;    53;    38;    30;    20;    34;    26;    27;      20;      53;      34,8;     10,9;
      6010;     4;     4;     2;     4;     5;     6;     4;     5;       2;       6;       4,2;      1,1;
      6011;    10;    10;    11;    15;    12;    13;    12;    12;      10;      15;      11,9;      1,5;


Max.:

      No.:;  1500;  2400;  3300;  4200;  5100;  6000;  6900;  7800; Minimum; Maximum; Gemiddeld; Stan.dev;
      4001;    21;    29;    21;    21;    21;    16;    29;    29;      16;      29;      23,4;      4,6;
      4002;    42;    34;    36;    42;    35;    60;    67;    36;      34;      67;      44,0;     11,7;
      4004;    22;    17;    32;    29;    17;    16;    14;    24;      14;      32;      21,4;      6,1;
      4005;    75;    27;    28;    20;    21;    22;    17;    20;      17;      75;      28,8;     17,8;
      4006;    20;    28;    15;    21;    15;    22;    15;    22;      15;      28;      19,8;      4,3;
      4008;    47;    47;    21;    28;    27;    28;    21;    33;      21;      47;      31,5;      9,7;
      4009;    15;     8;     9;     8;     8;    14;    15;     0;       0;      15;       9,6;      4,7;
      4010;    26;    22;    34;    36;    15;    27;    22;    21;      15;      36;      25,4;      6,5;
      4011;    80;    92;    89;    82;    87;   107;    92;   118;      80;     118;      93,4;     12,1;
      4012;    20;    14;    34;    40;    20;    33;    16;    34;      14;      40;      26,4;      9,3;
      5002;    55;    52;    59;   131;    66;    35;    47;    77;      35;     131;      65,2;     27,5;
      5003;    20;    21;    50;    14;    14;    19;    26;    14;      14;      50;      22,2;     11,2;
      5004;    15;    16;    15;    31;    15;    22;     0;    16;       0;      31;      16,2;      8,1;
      5005;    47;   231;    56;    96;    43;    55;    77;    54;      43;     231;      82,4;     58,5;
      5006;    70;    95;   212;    97;    95;    75;    92;   119;      70;     212;     106,9;     42,1;
      5007;    92;   108;    80;    81;   179;   184;    75;   146;      75;     184;     118,1;     42,3;
      5008;    68;    69;   153;    34;   179;   275;   188;   121;      34;     275;     135,9;     74,1;
      5010;    33;    14;    41;    15;    33;    33;    29;    41;      14;      41;      29,9;      9,7;
      5011;   104;    35;    48;    54;    87;   139;   111;   105;      35;     139;      85,4;     33,9;
      5012;    16;    23;     9;    16;    16;    21;    48;    30;       9;      48;      22,4;     11,3;
      5505;    20;    96;    21;    80;    20;    15;    20;    40;      15;      96;      39,0;     29,4;
      5511;    73;    46;    21;    34;    20;    27;    45;    40;      20;      73;      38,2;     16,2;
      6001;    38;    33;    63;    52;    46;    39;    33;    53;      33;      63;      44,6;     10,1;
      6002;    71;    69;    79;    99;    97;    72;    78;    99;      69;      99;      83,0;     12,3;
      6004;     7;     7;    14;     7;     7;     7;     7;     7;       7;      14;       7,9;      2,3;
      6005;   322;   153;   129;   139;   121;   137;   159;   105;     105;     322;     158,1;     64,0;
      6006;   260;   130;    71;   129;    97;   140;   111;    59;      59;     260;     124,6;     57,8;
      6007;   110;    73;    38;    70;    38;    40;    59;    66;      38;     110;      61,8;     22,8;
      6008;    28;    34;    43;    38;    27;    32;    32;    46;      27;      46;      35,0;      6,4;
      6009;   175;   156;   106;   104;    66;   118;    80;    72;      66;     175;     109,6;     36,6;
      6010;    53;    45;    34;    48;    74;    57;    60;    53;      34;      74;      53,0;     10,9;
      6011;    49;    52;    78;    71;    54;    82;    68;    91;      49;      91;      68,1;     14,3;


Stop:

      No.:;  1500;  2400;  3300;  4200;  5100;  6000;  6900;  7800; Minimum; Maximum; Gemiddeld; Stan.dev;
      4001;     8;    13;    10;     9;     8;     6;    10;    12;       6;      13;       9,5;      2,1;
      4002;    22;    23;    26;    28;    23;    33;    28;    26;      22;      33;      26,1;      3,4;
      4004;    14;    20;    18;    15;    16;    15;    14;    16;      14;      20;      16,0;      1,9;
      4005;    40;    24;    33;    28;    21;    16;    23;    24;      16;      40;      26,1;      7,0;
      4006;    10;    12;    15;    19;    14;    11;    12;    15;      10;      19;      13,5;      2,7;
      4008;    16;    19;    14;    21;    15;    16;    13;    15;      13;      21;      16,1;      2,5;
      4009;     4;     1;     1;     1;     1;     1;     3;     0;       0;       4;       1,5;      1,2;
      4010;    19;    15;    27;    21;    16;    24;    24;    20;      15;      27;      20,8;      3,9;
      4011;   157;   157;   155;   141;   164;   149;   156;   182;     141;     182;     157,6;     11,2;
      4012;    11;     9;    15;    14;     8;    17;     7;    18;       7;      18;      12,4;      3,9;
      5002;    33;    30;    54;    95;    52;    29;    38;    49;      29;      95;      47,5;     20,2;
      5003;    12;    13;    12;     6;    12;     9;     9;     7;       6;      13;      10,0;      2,4;
      5004;     6;     6;     5;     6;     4;     8;     0;     6;       0;       8;       5,1;      2,2;
      5005;    56;   135;    67;    88;    63;    63;    84;    79;      56;     135;      79,4;     23,5;
      5006;    35;    38;    73;    83;    52;    50;    51;    45;      35;      83;      53,4;     15,5;
      5007;    60;    65;    42;    70;    92;    69;    46;    81;      42;      92;      65,6;     15,6;
      5008;    55;    43;    92;    31;    58;   184;    90;    58;      31;     184;      76,4;     45,2;
      5010;    15;     4;    14;     5;    12;    16;    13;    14;       4;      16;      11,6;      4,3;
      5011;    61;    27;    33;    36;    56;   122;    80;    50;      27;     122;      58,1;     29,0;
      5012;     8;    11;     4;     6;     5;     5;    11;    11;       4;      11;       7,6;      2,8;
      5505;    10;    35;     7;    43;    10;    12;    13;    24;       7;      43;      19,2;     12,5;
      5511;    26;    28;    18;    34;    21;    27;    38;    38;      18;      38;      28,8;      6,9;
      6001;    25;    30;    42;    23;    37;    24;    19;    31;      19;      42;      28,9;      7,2;
      6002;    55;    57;    56;   106;    66;    56;    54;    53;      53;     106;      62,9;     16,7;
      6004;     4;     3;     4;     1;     1;     1;     2;     3;       1;       4;       2,4;      1,2;
      6005;   371;   205;   216;   221;   202;   190;   247;   174;     174;     371;     228,2;     57,6;
      6006;   127;    71;    60;    83;    66;    80;    72;    46;      46;     127;      75,6;     22,3;
      6007;    55;    38;    29;    51;    38;    35;    49;    41;      29;      55;      42,0;      8,3;
      6008;    20;    21;    26;    24;    16;    14;    18;    21;      14;      26;      20,0;      3,7;
      6009;   179;   226;   164;   139;   110;   145;   114;   132;     110;     226;     151,1;     35,7;
      6010;    39;    45;    28;    40;    47;    60;    30;    37;      28;      60;      40,8;      9,5;
      6011;    62;    84;    80;    89;    81;    93;    79;    82;      62;      93;      81,2;      8,5;


